1.00E-07	2.00E+10
4.14E-07	2.30E+10
5.32E-07	2.88E+10
6.83E-07	3.59E+10
8.76E-07	4.49E+10
1.13E-06	5.62E+10
1.45E-06	7.02E+10
1.86E-06	8.77E+10
2.38E-06	1.10E+11
3.06E-06	1.37E+11
3.93E-06	1.71E+11
5.04E-06	2.14E+11
6.48E-06	2.68E+11
8.32E-06	3.35E+11
1.07E-05	1.00E+12
1.37E-05	1.30E+12
1.76E-05	1.37E+12
2.26E-05	1.43E+12
2.90E-05	1.50E+12
3.73E-05	1.58E+12
4.79E-05	1.66E+12
6.14E-05	1.74E+12
7.89E-05	1.83E+12
1.01E-04	1.92E+12
1.30E-04	2.02E+12
1.67E-04	2.12E+12
2.14E-04	2.22E+12
2.75E-04	2.33E+12
3.54E-04	2.45E+12
4.54E-04	2.57E+12
5.83E-04	2.70E+12
7.49E-04	2.84E+12
9.61E-04	2.50E+13
1.23E-03	6.00E+13
1.58E-03	6.48E+13
2.03E-03	7.00E+13
2.25E-03	7.56E+13
2.49E-03	8.16E+13
2.61E-03	8.82E+13
2.75E-03	9.52E+13
3.04E-03	1.03E+14
3.35E-03	1.11E+14
3.71E-03	1.20E+14
4.31E-03	1.30E+14
5.53E-03	1.40E+14
7.10E-03	1.51E+14
9.12E-03	9.00E+13
1.06E-02	8.00E+13
1.17E-02	1.00E+14
1.50E-02	1.00E+14
1.93E-02	1.00E+14
2.19E-02	1.00E+14
2.36E-02	1.00E+14
2.42E-02	1.00E+14
2.48E-02	1.00E+14
2.61E-02	1.00E+14
2.70E-02	1.00E+14
2.85E-02	1.00E+14
3.18E-02	1.00E+14
3.43E-02	1.00E+14
4.09E-02	1.00E+14
4.63E-02	1.00E+14
5.25E-02	1.00E+14
5.66E-02	1.00E+14
6.74E-02	1.00E+14
7.20E-02	1.00E+14
7.95E-02	1.00E+14
8.25E-02	1.00E+14
8.65E-02	1.00E+14
9.80E-02	1.00E+14
1.11E-01	1.00E+14
1.17E-01	1.00E+14
1.23E-01	1.00E+14
1.29E-01	1.00E+14
1.36E-01	1.00E+14
1.43E-01	1.00E+14
1.50E-01	1.00E+14
1.58E-01	1.00E+14
1.66E-01	1.00E+14
1.74E-01	1.00E+14
1.83E-01	1.00E+14
1.93E-01	1.00E+14
2.02E-01	1.00E+14
2.13E-01	1.00E+14
2.24E-01	1.00E+14
2.35E-01	1.00E+14
2.47E-01	1.00E+14
2.73E-01	1.00E+14
2.87E-01	1.00E+14
2.95E-01	1.00E+14
2.97E-01	1.00E+14
2.98E-01	1.00E+14
3.02E-01	1.00E+14
3.34E-01	1.00E+14
3.69E-01	1.00E+14
3.88E-01	1.00E+14
4.08E-01	1.00E+14
4.50E-01	1.00E+14
4.98E-01	1.00E+14
5.23E-01	1.00E+14
5.50E-01	1.00E+14
5.78E-01	1.00E+14
6.08E-01	1.00E+14
6.39E-01	1.00E+14
6.72E-01	1.00E+14
7.07E-01	1.00E+14
7.43E-01	1.00E+14
7.81E-01	1.00E+14
8.21E-01	1.00E+14
8.63E-01	1.00E+14
9.07E-01	1.00E+14
9.62E-01	1.00E+14
1.00E+00	1.13E+14
1.11E+00	1.13E+14
1.16E+00	1.13E+14
1.22E+00	1.13E+14
1.29E+00	1.13E+14
1.35E+00	1.13E+14
1.42E+00	1.13E+14
1.50E+00	1.13E+14
1.57E+00	1.13E+14
1.65E+00	1.13E+14
1.74E+00	1.13E+14
1.83E+00	1.13E+14
1.92E+00	1.13E+14
2.02E+00	8.49E+13
2.12E+00	8.49E+13
2.23E+00	8.49E+13
2.31E+00	8.49E+13
2.35E+00	8.49E+13
2.37E+00	8.49E+13
2.39E+00	8.49E+13
2.47E+00	8.49E+13
2.59E+00	8.49E+13
2.73E+00	8.49E+13
2.87E+00	8.49E+13
3.01E+00	3.30E+13
3.17E+00	3.30E+13
3.33E+00	3.30E+13
3.68E+00	3.30E+13
4.07E+00	2.67E+13
4.49E+00	2.67E+13
4.72E+00	2.67E+13
4.97E+00	2.67E+13
5.22E+00	2.32E+13
5.49E+00	2.32E+13
5.77E+00	2.32E+13
6.07E+00	2.32E+13
6.38E+00	2.01E+13
6.59E+00	2.01E+13
6.70E+00	2.01E+13
7.05E+00	2.46E+13
7.41E+00	2.46E+13
7.79E+00	2.46E+13
8.19E+00	1.13E+14
8.61E+00	1.13E+14
9.05E+00	2.45E+13
9.51E+00	2.45E+13
1.00E+01	1.99E+13
1.05E+01	1.99E+13
1.11E+01	1.88E+13
1.16E+01	1.88E+13
1.22E+01	1.88E+13
1.25E+01	1.88E+13
1.28E+01	2.44E+13
1.35E+01	2.44E+13
1.38E+01	2.44E+13
1.42E+01	1.58E+15
1.46E+01	9.36E+13
1.49E+01	9.36E+13
1.57E+01	0.00E+00
1.65E+01	0.00E+00
1.69E+01	0.00E+00
1.73E+01	0.00E+00
2.00E+01	0.00E+00