10030	3	2.00E+05
40100	3	5.10E+03
50140	3	9.20E+04
110220	1	1.30E+08
130260	1	1.00E+33
140320	3	1.00E+33
170360	3	5.00E+00
180390	3	1.00E+33
180420	3	1.00E+33
190400	2	1.00E+33
200410	3	3.00E+05
220440	1	1.00E+33
230490	3	1.00E+33
250530	3	1.00E+33
250540	1	3.60E+08
260550	3	6.10E+09
260600	3	1.00E+33
270570	2	1.00E+33
270600	1	1.30E+08
280590	3	1.10E+05
280630	3	3.20E+06
300650	1	6.00E+08
320680	1	1.00E+33
340790	3	5.50E+04
360810	3	1.00E+33
360850	3	1.00E+33
370870	3	1.00E+33
380900	3	6.00E+06
400930	3	1.80E+04
410910	3	1.00E+33
410920	1	1.00E+33
410931	3	1.00E+33
410940	1	1.20E+02
420930	3	3.80E+04
430970	3	1.00E+33
430980	1	1.00E+33
430990	3	4.40E+04
451010	2	1.00E+33
451020	1	1.00E+33
451021	1	1.00E+33
451060	2	1.20E+08
461070	3	3.00E+05
471081	1	1.40E+03
471101	1	1.20E+08
481090	3	1.00E+33
481131	3	1.00E+33
501191	3	1.40E+09
501211	3	3.70E+05
501260	1	2.70E+00
511250	1	5.10E+08
531290	3	1.40E+03
551340	1	1.90E+08
551350	3	2.60E+05
551370	1	3.30E+05
561330	1	1.00E+33
571370	3	1.00E+33
581440	2	8.80E+07
611430	1	1.00E+33
611440	1	1.00E+33
611450	3	1.00E+33
611460	1	1.00E+33
611470	3	5.80E+08
621450	3	1.00E+33
621460	2	1.00E+33
621510	3	4.50E+05
631500	1	1.00E+33
631520	1	7.50E+07
631540	1	5.80E+07
631550	3	1.00E+33
641480	1	1.00E+33
641500	2	1.00E+33
641530	3	1.00E+33
651570	3	1.00E+33
651580	1	1.00E+33
661540	2	1.00E+33
671630	3	1.00E+33
671661	1	1.00E+33
691710	3	1.00E+33
711730	2	1.00E+33
711740	2	1.00E+33
711760	1	1.00E+33
721720	1	1.00E+33
721781	1	1.00E+33
721820	1	1.00E+33
731790	3	1.00E+33
751861	3	1.00E+33
761940	2	1.00E+33
771922	1	1.00E+33
781930	3	1.00E+33
791950	3	1.00E+33
801940	1	1.00E+33
812040	3	3.30E+09
822020	1	1.00E+33
822050	3	1.00E+33
822100	2	6.00E+05
832070	1	1.00E+33
832080	1	1.00E+33
832101	2	1.00E+33
842080	2	1.00E+33
842090	2	1.00E+33