 10010   H1         0.99917    99.9885
 10020   H2         1.99680     0.0115
 10030   H3         2.99014     0.0000
 20030   He3        2.99012     0.0001
 20040   He4        3.96822    99.9999
 20060   He6        5.96718     0.0000
 30050   Li5        4.96948     0.0000
 30060   Li6        5.96345     7.5900
 30070   Li7        6.95573    92.4100
 30080   Li8        7.95357     0.0000
 30090   Li9        8.94925     0.0000
 40060   Be6        5.96801     0.0000
 40070   Be7        6.95665     0.0000
 40080   Be8        7.93654     0.0000
 40090   Be9        8.93476   100.0000
 40100   Be10       9.92751     0.0000
 40110   Be11      10.92700     0.0000
 40120   Be12      11.92360     0.0000
 40130   Be13      12.92370     0.0000
 50080   B8         7.95567     0.0000
 50090   B9         8.93590     0.0000
 50100   B10        9.92692    19.9000
 50110   B11       10.91470    80.1000
 50120   B12       11.91110     0.0000
 50130   B13       12.90600     0.0000
 50140   B14       13.90490     0.0000
 50150   B15       14.90200     0.0000
 60090   C9         8.95346     0.0000
 60100   C10        9.93080     0.0000
 60110   C11       10.91680     0.0000
 60120   C12       11.89690    98.9300
 60130   C13       12.89160     1.0700
 60140   C14       13.88290     0.0000
 60150   C15       14.88170     0.0000
 60160   C16       15.87710     0.0000
 60170   C17       16.87640     0.0000
 70110   N11       10.93140     0.0000
 70120   N12       11.91540     0.0000
 70130   N13       12.89400     0.0000
 70140   N14       13.88280    99.6320
 70150   N15       14.87130     0.3680
 70160   N16       15.86860     0.0000
 70170   N17       16.86230     0.0000
 70180   N18       17.85930     0.0000
 70190   N19       18.85370     0.0000
 70200   N20       19.85140     0.0000
 80140   O14       13.88830     0.0000
 80150   O15       14.87420     0.0000
 80160   O16       15.85750    99.7570
 80170   O17       16.85310     0.0380
 80180   O18       17.84450     0.2050
 80190   O19       18.84030     0.0000
 80200   O20       19.83220     0.0000
 80210   O21       20.82820     0.0000
 80220   O22       21.82090     0.0000
 90150   F15       14.88900     0.0000
 90160   F16       15.87390     0.0000
 90170   F17       16.85600     0.0000
 90180   F18       17.84630     0.0000
 90190   F19       18.83520   100.0000
 90200   F20       19.82820     0.0000
 90210   F21       20.81960     0.0000
 90220   F22       21.81400     0.0000
 90230   F23       22.80600     0.0000
 90240   F24       23.80190     0.0000
100170   Ne17      16.87150     0.0000
100180   Ne18      17.85100     0.0000
100190   Ne19      18.83860     0.0000
100200   Ne20      19.82070    90.4800
100210   Ne21      20.81350     0.2700
100220   Ne22      21.80250     9.2500
100230   Ne23      22.79690     0.0000
100240   Ne24      23.78750     0.0000
100250   Ne25      24.78300     0.0000
100260   Ne26      25.77710     0.0000
100270   Ne27      26.77560     0.0000
110200   Na20      19.83550     0.0000
110210   Na21      20.81730     0.0000
110220   Na22      21.80550     0.0000
110230   Na23      22.79230   100.0000
110240   Na24      23.78490     0.0000
110241   Na24m     23.78490     0.0000
110250   Na25      24.77530     0.0000
110260   Na26      25.76930     0.0000
110270   Na27      26.76220     0.0000
110280   Na28      27.75840     0.0000
110290   Na29      28.75370     0.0000
110300   Na30      29.75120     0.0000
120210   Mg21      20.83120     0.0000
120220   Mg22      21.81060     0.0000
120230   Mg23      22.79660     0.0000
120240   Mg24      23.77900    78.9900
120250   Mg25      24.77120    10.0000
120260   Mg26      25.75940    11.0100
120270   Mg27      26.75250     0.0000
120280   Mg28      27.74350     0.0000
120290   Mg29      28.73960     0.0000
120300   Mg30      29.73280     0.0000
120310   Mg31      30.73030     0.0000
130230   Al23      22.80960     0.0000
130240   Al24      23.79380     0.0000
130241   Al24m     23.79380     0.0000
130250   Al25      24.77570     0.0000
130260   Al26      25.76360     0.0000
130261   Al26m     25.76370     0.0000
130270   Al27      26.74980   100.0000
130280   Al28      27.74150     0.0000
130290   Al29      28.73150     0.0000
130300   Al30      29.72540     0.0000
130310   Al31      30.71780     0.0000
130320   Al32      31.71330     0.0000
130330   Al33      32.70740     0.0000
130340   Al34      33.70480     0.0000
140250   Si25      24.78930     0.0000
140260   Si26      25.76900     0.0000
140270   Si27      26.75490     0.0000
140280   Si28      27.73660    92.2297
140290   Si29      28.72760     4.6832
140300   Si30      29.71630     3.0872
140310   Si31      30.70930     0.0000
140320   Si32      31.69950     0.0000
140330   Si33      32.69470     0.0000
140340   Si34      33.68670     0.0000
140350   Si35      34.68400     0.0000
140360   Si36      35.67750     0.0000
150280   P28       27.75180     0.0000
150290   P29       28.73280     0.0000
150300   P30       29.72080     0.0000
150310   P31       30.70770   100.0000
150320   P32       31.69920     0.0000
150330   P33       32.68850     0.0000
150340   P34       33.68180     0.0000
150350   P35       34.67290     0.0000
150360   P36       35.66920     0.0000
150370   P37       36.66190     0.0000
150380   P38       37.65780     0.0000
150390   P39       38.65130     0.0000
150400   P40       39.64770     0.0000
160290   S29       28.74750     0.0000
160300   S30       29.72730     0.0000
160310   S31       30.71340     0.0000
160320   S32       31.69740    94.9300
160330   S33       32.68820     0.7600
160340   S34       33.67610     4.2900
160350   S35       34.66860     0.0000
160360   S36       35.65810     0.0200
160370   S37       36.65350     0.0000
160380   S38       37.64500     0.0000
160390   S39       38.64030     0.0000
160400   S40       39.63200     0.0000
160410   S41       40.62750     0.0000
170320   Cl32      31.71090     0.0000
170330   Cl33      32.69420     0.0000
170340   Cl34      33.68190     0.0000
170341   Cl34m     33.68190     0.0000
170350   Cl35      34.66850    75.7800
170360   Cl36      35.65930     0.0000
170370   Cl37      36.64830    24.2200
170380   Cl38      37.64180     0.0000
170381   Cl38m     37.64180     0.0000
170390   Cl39      38.63330     0.0000
170400   Cl40      39.62700     0.0000
170410   Cl41      40.61870     0.0000
170420   Cl42      41.61270     0.0000
170430   Cl43      42.60490     0.0000
170440   Cl44      43.60050     0.0000
170450   Cl45      44.59390     0.0000
180330   Ar33      32.70650     0.0000
180340   Ar34      33.68840     0.0000
180350   Ar35      34.67480     0.0000
180360   Ar36      35.65860     0.3365
180370   Ar37      36.64920     0.0000
180380   Ar38      37.63660     0.0632
180390   Ar39      38.62960     0.0000
180400   Ar40      39.61910    99.6003
180410   Ar41      40.61260     0.0000
180420   Ar42      41.60260     0.0000
180430   Ar43      42.59650     0.0000
180440   Ar44      43.58720     0.0000
180450   Ar45      44.58170     0.0000
180460   Ar46      45.57320     0.0000
180470   Ar47      46.56870     0.0000
190360   K36       35.67220     0.0000
190370   K37       36.65580     0.0000
190380   K38       37.64290     0.0000
190381   K38m      37.64290     0.0000
190390   K39       38.62900    93.2581
190400   K40       39.62070     0.0117
190410   K41       40.60990     6.7302
190420   K42       41.60190     0.0000
190430   K43       42.59170     0.0000
190440   K44       43.58390     0.0000
190450   K45       44.57450     0.0000
190460   K46       45.56710     0.0000
190470   K47       46.55830     0.0000
190480   K48       47.55350     0.0000
200370   Ca37      36.66810     0.0000
200380   Ca38      37.65010     0.0000
200390   Ca39      38.63590     0.0000
200400   Ca40      39.61930    96.9410
200410   Ca41      40.61040     0.0000
200420   Ca42      41.59820     0.6470
200430   Ca43      42.58970     0.1350
200440   Ca44      43.57790     2.0860
200450   Ca45      44.57000     0.0000
200460   Ca46      45.55890     0.0040
200470   Ca47      46.55120     0.0000
200480   Ca48      47.54060     0.1870
200490   Ca49      48.53510     0.0000
210400   Sc40      39.63450     0.0000
210410   Sc41      40.61730     0.0000
210420   Sc42      41.60500     0.0000
210421   Sc42m     41.60500     0.0000
210430   Sc43      42.59210     0.0000
210440   Sc44      43.58180     0.0000
210441   Sc44m     43.58180     0.0000
210450   Sc45      44.56970   100.0000
210451   Sc45m     44.56970     0.0000
210460   Sc46      45.56040     0.0000
210461   Sc46m     45.56040     0.0000
210470   Sc47      46.54910     0.0000
210480   Sc48      47.54030     0.0000
210490   Sc49      48.52950     0.0000
210500   Sc50      49.52310     0.0000
210501   Sc50m     49.52310     0.0000
210510   Sc51      50.51590     0.0000
210520   Sc52      51.51030     0.0000
220410   Ti41      40.63110     0.0000
220420   Ti42      41.61250     0.0000
220430   Ti43      42.59940     0.0000
220440   Ti44      43.58210     0.0000
220450   Ti45      44.57190     0.0000
220460   Ti46      45.55790     8.2500
220470   Ti47      46.54840     7.4400
220480   Ti48      47.53610    73.7200
220490   Ti49      48.52740     5.4100
220500   Ti50      49.51570     5.1800
220510   Ti51      50.50900     0.0000
220520   Ti52      51.50060     0.0000
220530   Ti53      52.49490     0.0000
220540   Ti54      53.48760     0.0000
220550   Ti55      54.48320     0.0000
230440   V44       43.59630     0.0000
230450   V45       44.57950     0.0000
230460   V46       45.56540     0.0000
230470   V47       46.55150     0.0000
230480   V48       47.54030     0.0000
230490   V49       48.52800     0.0000
230500   V50       49.51810     0.2500
230510   V51       50.50630    99.7500
230520   V52       51.49850     0.0000
230530   V53       52.48950     0.0000
230540   V54       53.48300     0.0000
230550   V55       54.47520     0.0000
230560   V56       55.46990     0.0000
230570   V57       56.46330     0.0000
230580   V58       57.45900     0.0000
240460   Cr46      45.57350     0.0000
240470   Cr47      46.55950     0.0000
240480   Cr48      47.54210     0.0000
240490   Cr49      48.53080     0.0000
240500   Cr50      49.51700     4.3450
240510   Cr51      50.50710     0.0000
240520   Cr52      51.49430    83.7890
240530   Cr53      52.48590     9.5010
240540   Cr54      53.47550     2.3650
240550   Cr55      54.46890     0.0000
240560   Cr56      55.46010     0.0000
240570   Cr57      56.45440     0.0000
240580   Cr58      57.44660     0.0000
240590   Cr59      58.44220     0.0000
250480   Mn48      47.55650     0.0000
250490   Mn49      48.53900     0.0000
250500   Mn50      49.52510     0.0000
250501   Mn50m     49.52510     0.0000
250510   Mn51      50.51050     0.0000
250520   Mn52      51.49930     0.0000
250521   Mn52m     51.49930     0.0000
250530   Mn53      52.48650     0.0000
250540   Mn54      53.47700     0.0000
250550   Mn55      54.46610   100.0000
250560   Mn56      55.45840     0.0000
250570   Mn57      56.44920     0.0000
250580   Mn58      57.44230     0.0000
250581   Mn58m     57.44230     0.0000
250590   Mn59      58.43410     0.0000
250600   Mn60      59.42800     0.0000
250601   Mn60m     59.42800     0.0000
250610   Mn61      60.42110     0.0000
250620   Mn62      61.41630     0.0000
250630   Mn63      62.40950     0.0000
250640   Mn64      63.40480     0.0000
260500   Fe50      49.53380     0.0000
260510   Fe51      50.51910     0.0000
260520   Fe52      51.50180     0.0000
260521   Fe52m     51.50180     0.0000
260530   Fe53      52.49050     0.0000
260531   Fe53m     52.49050     0.0000
260540   Fe54      53.47620     5.8450
260550   Fe55      54.46630     0.0000
260560   Fe56      55.45440    91.7540
260570   Fe57      56.44630     2.1190
260580   Fe58      57.43560     0.2820
260590   Fe59      58.42860     0.0000
260600   Fe60      59.41920     0.0000
260610   Fe61      60.41330     0.0000
260620   Fe62      61.40470     0.0000
260630   Fe63      62.39940     0.0000
260640   Fe64      63.39190     0.0000
260650   Fe65      64.38750     0.0000
270520   Co52      51.51720     0.0000
270530   Co53      52.49930     0.0000
270540   Co54      53.48500     0.0000
270541   Co54m     53.48500     0.0000
270550   Co55      54.47000     0.0000
270560   Co56      55.45930     0.0000
270570   Co57      56.44720     0.0000
270580   Co58      57.43810     0.0000
270581   Co58m     57.43810     0.0000
270590   Co59      58.42690   100.0000
270600   Co60      59.41900     0.0000
270601   Co60m     59.41900     0.0000
270610   Co61      60.40900     0.0000
270620   Co62      61.40200     0.0000
270621   Co62m     61.40200     0.0000
270630   Co63      62.39300     0.0000
270640   Co64      63.38660     0.0000
270650   Co65      64.37860     0.0000
270660   Co66      65.37330     0.0000
270670   Co67      66.36580     0.0000
270680   Co68      67.36120     0.0000
270681   Co68m     67.36120     0.0000
270690   Co69      68.35400     0.0000
280530   Ni53      52.51340     0.0000
280540   Ni54      53.49440     0.0000
280550   Ni55      54.47930     0.0000
280560   Ni56      55.46160     0.0000
280570   Ni57      56.45070     0.0000
280580   Ni58      57.43770    68.0769
280590   Ni59      58.42810     0.0000
280600   Ni60      59.41600    26.2231
280610   Ni61      60.40760     1.1399
280620   Ni62      61.39640     3.6345
280630   Ni63      62.38910     0.0000
280640   Ni64      63.37880     0.9256
280650   Ni65      64.37230     0.0000
280660   Ni66      65.36280     0.0000
280670   Ni67      66.35660     0.0000
280680   Ni68      67.34830     0.0000
280690   Ni69      68.34340     0.0000
280691   Ni69m     68.34340     0.0000
280700   Ni70      69.33570     0.0000
280710   Ni71      70.33130     0.0000
290560   Cu56      55.47790     0.0000
290570   Cu57      56.46000     0.0000
290580   Cu58      57.44680     0.0000
290590   Cu59      58.43320     0.0000
290600   Cu60      59.42250     0.0000
290610   Cu61      60.41000     0.0000
290620   Cu62      61.40060     0.0000
290630   Cu63      62.38900    69.1700
290640   Cu64      63.38060     0.0000
290650   Cu65      64.37000    30.8300
290660   Cu66      65.36250     0.0000
290670   Cu67      66.35280     0.0000
290680   Cu68      67.34610     0.0000
290681   Cu68m     67.34610     0.0000
290690   Cu69      68.33730     0.0000
290700   Cu70      69.33160     0.0000
290701   Cu70m     69.33160     0.0000
290702   Cu70n     69.33160     0.0000
290710   Cu71      70.32330     0.0000
290720   Cu72      71.31790     0.0000
290730   Cu73      72.31010     0.0000
290740   Cu74      73.30470     0.0000
290750   Cu75      74.29810     0.0000
300580   Zn58      57.45670     0.0000
300590   Zn59      58.44290     0.0000
300600   Zn60      59.42690     0.0000
300610   Zn61      60.41600     0.0000
300620   Zn62      61.40230     0.0000
300630   Zn63      62.39260     0.0000
300640   Zn64      63.38000    48.6300
300650   Zn65      64.37150     0.0000
300660   Zn66      65.35970    27.9000
300670   Zn67      66.35220     4.1000
300680   Zn68      67.34130    18.7500
300690   Zn69      68.33440     0.0000
300691   Zn69m     68.33440     0.0000
300700   Zn70      69.32460     0.6200
300710   Zn71      70.31840     0.0000
300711   Zn71m     70.31840     0.0000
300720   Zn72      71.30900     0.0000
300730   Zn73      72.30330     0.0000
300731   Zn73m     72.30330     0.0000
300732   Zn73n     72.30330     0.0000
300740   Zn74      73.29440     0.0000
300750   Zn75      74.28920     0.0000
300760   Zn76      75.28100     0.0000
310630   Ga63      62.39860     0.0000
310640   Ga64      63.38760     0.0000
310650   Ga65      64.37490     0.0000
310660   Ga66      65.36520     0.0000
310670   Ga67      66.35330     0.0000
310680   Ga68      67.34440     0.0000
310690   Ga69      68.33350    60.1080
310700   Ga70      69.32530     0.0000
310710   Ga71      70.31540    39.8920
310720   Ga72      71.30850     0.0000
310721   Ga72m     71.30850     0.0000
310730   Ga73      72.29870     0.0000
310740   Ga74      73.29190     0.0000
310741   Ga74m     73.29190     0.0000
310750   Ga75      74.28280     0.0000
310760   Ga76      75.27660     0.0000
310770   Ga77      76.26840     0.0000
310780   Ga78      77.26210     0.0000
310790   Ga79      78.25480     0.0000
320640   Ge64      63.39240     0.0000
320650   Ge65      64.38160     0.0000
320660   Ge66      65.36740     0.0000
320670   Ge67      66.35770     0.0000
320680   Ge68      67.34460     0.0000
320690   Ge69      68.33580     0.0000
320700   Ge70      69.32360    20.8400
320710   Ge71      70.31570     0.0000
320720   Ge72      71.30420    27.5400
320730   Ge73      72.29700     7.7300
320731   Ge73m     72.29700     0.0000
320740   Ge74      73.28620    36.2800
320750   Ge75      74.27920     0.0000
320751   Ge75m     74.27920     0.0000
320760   Ge76      75.26920     7.6100
320770   Ge77      76.26270     0.0000
320771   Ge77m     76.26270     0.0000
320780   Ge78      77.25350     0.0000
320790   Ge79      78.24740     0.0000
320791   Ge79m     78.24740     0.0000
320800   Ge80      79.23880     0.0000
320810   Ge81      80.23360     0.0000
320811   Ge81m     80.23360     0.0000
330670   As67      66.36410     0.0000
330680   As68      67.35320     0.0000
330690   As69      68.34010     0.0000
330700   As70      69.33020     0.0000
330710   As71      70.31780     0.0000
330720   As72      71.30890     0.0000
330730   As73      72.29740     0.0000
330740   As74      73.28890     0.0000
330750   As75      74.27800   100.0000
330760   As76      75.27020     0.0000
330770   As77      76.25990     0.0000
330780   As78      77.25240     0.0000
330790   As79      78.24300     0.0000
330800   As80      79.23600     0.0000
330810   As81      80.22700     0.0000
330820   As82      81.22070     0.0000
330821   As82m     81.22070     0.0000
330830   As83      82.21260     0.0000
330840   As84      83.20810     0.0000
330841   As84m     83.20810     0.0000
340680   Se68      67.35820     0.0000
340690   Se69      68.34730     0.0000
340700   Se70      69.33260     0.0000
340710   Se71      70.32290     0.0000
340720   Se72      71.30920     0.0000
340730   Se73      72.30030     0.0000
340731   Se73m     72.30030     0.0000
340740   Se74      73.28740     0.8900
340750   Se75      74.27890     0.0000
340760   Se76      75.26700     9.3700
340770   Se77      76.25910     7.6300
340771   Se77m     76.25910     0.0000
340780   Se78      77.24800    23.7700
340790   Se79      78.24060     0.0000
340791   Se79m     78.24060     0.0000
340800   Se80      79.23000    49.6100
340810   Se81      80.22290     0.0000
340811   Se81m     80.22290     0.0000
340820   Se82      81.21300     8.7300
340830   Se83      82.20680     0.0000
340831   Se83m     82.20680     0.0000
340840   Se84      83.19760     0.0000
340850   Se85      84.19270     0.0000
350710   Br71      70.32930     0.0000
350720   Br72      71.31850     0.0000
350721   Br72m     71.31850     0.0000
350730   Br73      72.30520     0.0000
350740   Br74      73.29480     0.0000
350741   Br74m     73.29480     0.0000
350750   Br75      74.28210     0.0000
350760   Br76      75.27230     0.0000
350761   Br76m     75.27230     0.0000
350770   Br77      76.26060     0.0000
350771   Br77m     76.26060     0.0000
350780   Br78      77.25180     0.0000
350790   Br79      78.24040    50.6900
350791   Br79m     78.24040     0.0000
350800   Br80      79.23200     0.0000
350801   Br80m     79.23200     0.0000
350810   Br81      80.22120    49.3100
350820   Br82      81.21310     0.0000
350821   Br82m     81.21310     0.0000
350830   Br83      82.20290     0.0000
350840   Br84      83.19560     0.0000
350841   Br84m     83.19560     0.0000
350850   Br85      84.18610     0.0000
350860   Br86      85.18070     0.0000
350870   Br87      86.17400     0.0000
350880   Br88      87.16880     0.0000
360720   Kr72      71.32410     0.0000
360730   Kr73      72.31270     0.0000
360740   Kr74      73.29800     0.0000
360750   Kr75      74.28720     0.0000
360760   Kr76      75.27370     0.0000
360770   Kr77      76.26380     0.0000
360780   Kr78      77.25100     0.3500
360790   Kr79      78.24210     0.0000
360791   Kr79m     78.24210     0.0000
360800   Kr80      79.22990     2.2800
360810   Kr81      80.22150     0.0000
360811   Kr81m     80.22150     0.0000
360820   Kr82      81.20980    11.5800
360830   Kr83      82.20190    11.4900
360831   Kr83m     82.20190     0.0000
360840   Kr84      83.19070    57.0000
360850   Kr85      84.18310     0.0000
360851   Kr85m     84.18310     0.0000
360860   Kr86      85.17260    17.3000
360870   Kr87      86.16670     0.0000
360880   Kr88      87.15920     0.0000
360890   Kr89      88.15380     0.0000
360900   Kr90      89.14710     0.0000
370770   Rb77      76.26950     0.0000
370780   Rb78      77.25870     0.0000
370781   Rb78m     77.25870     0.0000
370790   Rb79      78.24600     0.0000
370800   Rb80      79.23590     0.0000
370810   Rb81      80.22390     0.0000
370811   Rb81m     80.22390     0.0000
370820   Rb82      81.21450     0.0000
370821   Rb82m     81.21450     0.0000
370830   Rb83      82.20280     0.0000
370840   Rb84      83.19350     0.0000
370841   Rb84m     83.19350     0.0000
370850   Rb85      84.18240    72.1700
370860   Rb86      85.17310     0.0000
370861   Rb86m     85.17320     0.0000
370870   Rb87      86.16260    27.8300
370880   Rb88      87.15610     0.0000
370890   Rb89      88.14850     0.0000
370900   Rb90      89.14240     0.0000
370901   Rb90m     89.14240     0.0000
370910   Rb91      90.13550     0.0000
370920   Rb92      91.13010     0.0000
370930   Rb93      92.12380     0.0000
370940   Rb94      93.11960     0.0000
380780   Sr78      77.26270     0.0000
380790   Sr79      78.25170     0.0000
380800   Sr80      79.23790     0.0000
380810   Sr81      80.22800     0.0000
380820   Sr82      81.21470     0.0000
380830   Sr83      82.20530     0.0000
380831   Sr83m     82.20530     0.0000
380840   Sr84      83.19260     0.5600
380850   Sr85      84.18350     0.0000
380851   Sr85m     84.18350     0.0000
380860   Sr86      85.17130     9.8600
380870   Sr87      86.16230     7.0000
380871   Sr87m     86.16230     0.0000
380880   Sr88      87.15050    82.5800
380890   Sr89      88.14370     0.0000
380900   Sr90      89.13540     0.0000
380910   Sr91      90.12920     0.0000
380920   Sr92      91.12150     0.0000
380930   Sr93      92.11580     0.0000
380940   Sr94      93.10860     0.0000
380950   Sr95      94.10390     0.0000
380960   Sr96      95.09770     0.0000
390810   Y81       80.23390     0.0000
390820   Y82       81.22300     0.0000
390830   Y83       82.21000     0.0000
390831   Y83m      82.21000     0.0000
390840   Y84       83.19950     0.0000
390841   Y84m      83.19950     0.0000
390850   Y85       84.18700     0.0000
390851   Y85m      84.18700     0.0000
390860   Y86       85.17680     0.0000
390861   Y86m      85.17680     0.0000
390870   Y87       86.16430     0.0000
390871   Y87m      86.16430     0.0000
390880   Y88       87.15430     0.0000
390890   Y89       88.14210   100.0000
390891   Y89m      88.14210     0.0000
390900   Y90       89.13480     0.0000
390901   Y90m      89.13480     0.0000
390910   Y91       90.12640     0.0000
390911   Y91m      90.12640     0.0000
390920   Y92       91.11940     0.0000
390930   Y93       92.11140     0.0000
390931   Y93m      92.11140     0.0000
390940   Y94       93.10480     0.0000
390950   Y95       94.09750     0.0000
390960   Y96       95.09190     0.0000
390961   Y96m      95.09190     0.0000
390970   Y97       96.08560     0.0000
390971   Y97m      96.08560     0.0000
390972   Y97n      96.08560     0.0000
390980   Y98       97.08100     0.0000
390981   Y98m      97.08100     0.0000
400820   Zr82      81.22730     0.0000
400830   Zr83      82.21620     0.0000
400840   Zr84      83.20230     0.0000
400850   Zr85      84.19190     0.0000
400851   Zr85m     84.19200     0.0000
400860   Zr86      85.17840     0.0000
400870   Zr87      86.16820     0.0000
400871   Zr87m     86.16820     0.0000
400880   Zr88      87.15500     0.0000
400890   Zr89      88.14510     0.0000
400891   Zr89m     88.14510     0.0000
400900   Zr90      89.13240    51.4500
400901   Zr90m     89.13240     0.0000
400910   Zr91      90.12470    11.2200
400920   Zr92      91.11550    17.1500
400930   Zr93      92.10840     0.0000
400940   Zr94      93.09960    17.3800
400950   Zr95      94.09270     0.0000
400960   Zr96      95.08440     2.8000
400970   Zr97      96.07840     0.0000
400980   Zr98      97.07160     0.0000
400990   Zr99      98.06680     0.0000
410860   Nb86      85.18690     0.0000
410861   Nb86m     85.18690     0.0000
410870   Nb87      86.17370     0.0000
410871   Nb87m     86.17370     0.0000
410880   Nb88      87.16310     0.0000
410881   Nb88m     87.16310     0.0000
410890   Nb89      88.14960     0.0000
410891   Nb89m     88.14960     0.0000
410900   Nb90      89.13890     0.0000
410901   Nb90m     89.13890     0.0000
410910   Nb91      90.12610     0.0000
410911   Nb91m     90.12610     0.0000
410920   Nb92      91.11770     0.0000
410921   Nb92m     91.11770     0.0000
410930   Nb93      92.10830   100.0000
410931   Nb93m     92.10830     0.0000
410940   Nb94      93.10060     0.0000
410941   Nb94m     93.10060     0.0000
410950   Nb95      94.09150     0.0000
410951   Nb95m     94.09150     0.0000
410960   Nb96      95.08420     0.0000
410970   Nb97      96.07560     0.0000
410971   Nb97m     96.07560     0.0000
410980   Nb98      97.06920     0.0000
410981   Nb98m     97.06920     0.0000
410990   Nb99      98.06190     0.0000
410991   Nb99m     98.06190     0.0000
411000   Nb100     99.05590     0.0000
411001   Nb100m    99.05590     0.0000
411010   Nb101    100.04800     0.0000
411020   Nb102    101.04300     0.0000
411021   Nb102m   101.04300     0.0000
411030   Nb103    102.03500     0.0000
411040   Nb104    103.03000     0.0000
411041   Nb104m   103.03000     0.0000
420880   Mo88      87.16670     0.0000
420890   Mo89      88.15560     0.0000
420900   Mo90      89.14150     0.0000
420910   Mo91      90.13080     0.0000
420911   Mo91m     90.13080     0.0000
420920   Mo92      91.11730    14.8400
420930   Mo93      92.10870     0.0000
420931   Mo93m     92.10870     0.0000
420940   Mo94      93.09840     9.2500
420950   Mo95      94.09060    15.9200
420960   Mo96      95.08080    16.6800
420970   Mo97      96.07360     9.5500
420980   Mo98      97.06430    24.1300
420990   Mo99      98.05800     0.0000
421000   Mo100     99.04920     9.6300
421010   Mo101    100.04300     0.0000
421020   Mo102    101.03500     0.0000
421030   Mo103    102.02900     0.0000
421040   Mo104    103.02100     0.0000
421050   Mo105    104.01600     0.0000
430900   Tc90      89.15110     0.0000
430901   Tc90m     89.15110     0.0000
430910   Tc91      90.13740     0.0000
430911   Tc91m     90.13740     0.0000
430920   Tc92      91.12570     0.0000
430930   Tc93      92.11210     0.0000
430931   Tc93m     92.11210     0.0000
430940   Tc94      93.10290     0.0000
430941   Tc94m     93.10290     0.0000
430950   Tc95      94.09230     0.0000
430951   Tc95m     94.09230     0.0000
430960   Tc96      95.08400     0.0000
430961   Tc96m     95.08400     0.0000
430970   Tc97      96.07390     0.0000
430971   Tc97m     96.07390     0.0000
430980   Tc98      97.06610     0.0000
430990   Tc99      98.05660     0.0000
430991   Tc99m     98.05660     0.0000
431000   Tc100     99.04940     0.0000
431010   Tc101    100.04000     0.0000
431020   Tc102    101.03400     0.0000
431021   Tc102m   101.03400     0.0000
431030   Tc103    102.02500     0.0000
431040   Tc104    103.01900     0.0000
431050   Tc105    104.01000     0.0000
431060   Tc106    105.00400     0.0000
431070   Tc107    105.99700     0.0000
431080   Tc108    106.99100     0.0000
431090   Tc109    107.98400     0.0000
440920   Ru92      91.13050     0.0000
440930   Ru93      92.11880     0.0000
440931   Ru93m     92.11880     0.0000
440940   Ru94      93.10460     0.0000
440950   Ru95      94.09510     0.0000
440960   Ru96      95.08370     5.5400
440970   Ru97      96.07510     0.0000
440980   Ru98      97.06420     1.8700
440990   Ru99      98.05630    12.7600
441000   Ru100     99.04600    12.6000
441010   Ru101    100.03900    17.0600
441020   Ru102    101.02900    31.5500
441030   Ru103    102.02200     0.0000
441040   Ru104    103.01300    18.6200
441050   Ru105    104.00700     0.0000
441060   Ru106    104.99800     0.0000
441070   Ru107    105.99100     0.0000
441080   Ru108    106.98300     0.0000
441090   Ru109    107.97800     0.0000
441100   Ru110    108.97000     0.0000
441110   Ru111    109.96500     0.0000
450950   Rh95      94.10050     0.0000
450951   Rh95m     94.10050     0.0000
450960   Rh96      95.09050     0.0000
450961   Rh96m     95.09050     0.0000
450970   Rh97      96.07880     0.0000
450971   Rh97m     96.07880     0.0000
450980   Rh98      97.06960     0.0000
450981   Rh98m     97.06960     0.0000
450990   Rh99      98.05850     0.0000
450991   Rh99m     98.05850     0.0000
451000   Rh100     99.04990     0.0000
451001   Rh100m    99.04990     0.0000
451010   Rh101    100.04000     0.0000
451011   Rh101m   100.04000     0.0000
451020   Rh102    101.03100     0.0000
451021   Rh102m   101.03100     0.0000
451030   Rh103    102.02100   100.0000
451031   Rh103m   102.02100     0.0000
451040   Rh104    103.01400     0.0000
451041   Rh104m   103.01400     0.0000
451050   Rh105    104.00400     0.0000
451051   Rh105m   104.00400     0.0000
451060   Rh106    104.99700     0.0000
451061   Rh106m   104.99800     0.0000
451070   Rh107    105.98800     0.0000
451080   Rh108    106.98200     0.0000
451081   Rh108m   106.98200     0.0000
451090   Rh109    107.97300     0.0000
451100   Rh110    108.96700     0.0000
451101   Rh110m   108.96700     0.0000
451110   Rh111    109.95900     0.0000
451120   Rh112    110.95300     0.0000
451121   Rh112m   110.95300     0.0000
451130   Rh113    111.94600     0.0000
451140   Rh114    112.94000     0.0000
451141   Rh114m   112.94000     0.0000
460960   Pd96      95.09420     0.0000
460970   Pd97      96.08390     0.0000
460980   Pd98      97.07160     0.0000
460990   Pd99      98.06210     0.0000
461000   Pd100     99.05020     0.0000
461010   Pd101    100.04100     0.0000
461020   Pd102    101.03000     1.0200
461030   Pd103    102.02200     0.0000
461040   Pd104    103.01100    11.1400
461050   Pd105    104.00400    22.3300
461060   Pd106    104.99400    27.3300
461070   Pd107    105.98700     0.0000
461071   Pd107m   105.98700     0.0000
461080   Pd108    106.97700    26.4600
461090   Pd109    107.97000     0.0000
461091   Pd109m   107.97000     0.0000
461100   Pd110    108.96100    11.7200
461110   Pd111    109.95500     0.0000
461111   Pd111m   109.95500     0.0000
461120   Pd112    110.94600     0.0000
461130   Pd113    111.94100     0.0000
461131   Pd113m   111.94100     0.0000
461140   Pd114    112.93200     0.0000
461150   Pd115    113.92700     0.0000
461151   Pd115m   113.92700     0.0000
461160   Pd116    114.91800     0.0000
461170   Pd117    115.91300     0.0000
461180   Pd118    116.90600     0.0000
471000   Ag100     99.05780     0.0000
471001   Ag100m    99.05780     0.0000
471010   Ag101    100.04600     0.0000
471011   Ag101m   100.04600     0.0000
471020   Ag102    101.03600     0.0000
471021   Ag102m   101.03600     0.0000
471030   Ag103    102.02500     0.0000
471031   Ag103m   102.02500     0.0000
471040   Ag104    103.01600     0.0000
471041   Ag104m   103.01600     0.0000
471050   Ag105    104.00500     0.0000
471051   Ag105m   104.00500     0.0000
471060   Ag106    104.99700     0.0000
471061   Ag106m   104.99700     0.0000
471070   Ag107    105.98700    51.8390
471071   Ag107m   105.98700     0.0000
471080   Ag108    106.97900     0.0000
471081   Ag108m   106.97900     0.0000
471090   Ag109    107.96900    48.1610
471091   Ag109m   107.96900     0.0000
471100   Ag110    108.96200     0.0000
471101   Ag110m   108.96200     0.0000
471110   Ag111    109.95300     0.0000
471111   Ag111m   109.95300     0.0000
471120   Ag112    110.94600     0.0000
471130   Ag113    111.93700     0.0000
471131   Ag113m   111.93700     0.0000
471140   Ag114    112.93000     0.0000
471141   Ag114m   112.93000     0.0000
471150   Ag115    113.92200     0.0000
471151   Ag115m   113.92200     0.0000
471160   Ag116    114.91600     0.0000
471161   Ag116m   114.91600     0.0000
471170   Ag117    115.90700     0.0000
471171   Ag117m   115.90700     0.0000
471180   Ag118    116.90200     0.0000
471181   Ag118m   116.90200     0.0000
471190   Ag119    117.89400     0.0000
471191   Ag119m   117.89400     0.0000
471200   Ag120    118.88900     0.0000
471210   Ag121    119.88100     0.0000
471220   Ag122    120.87600     0.0000
471221   Ag122m   120.87600     0.0000
481020   Cd102    101.03900     0.0000
481030   Cd103    102.02900     0.0000
481040   Cd104    103.01700     0.0000
481050   Cd105    104.00800     0.0000
481060   Cd106    104.99700     1.2500
481070   Cd107    105.98800     0.0000
481080   Cd108    106.97700     0.8900
481090   Cd109    107.96900     0.0000
481100   Cd110    108.95900    12.4900
481110   Cd111    109.95100    12.8000
481111   Cd111m   109.95100     0.0000
481120   Cd112    110.94100    24.1300
481130   Cd113    111.93400    12.2200
481131   Cd113m   111.93400     0.0000
481140   Cd114    112.92500    28.7300
481150   Cd115    113.91800     0.0000
481151   Cd115m   113.91800     0.0000
481160   Cd116    114.90900     7.4900
481170   Cd117    115.90300     0.0000
481171   Cd117m   115.90300     0.0000
481180   Cd118    116.89400     0.0000
481190   Cd119    117.88800     0.0000
481191   Cd119m   117.88800     0.0000
481200   Cd120    118.88000     0.0000
481210   Cd121    119.87400     0.0000
481211   Cd121m   119.87400     0.0000
481220   Cd122    120.86600     0.0000
481230   Cd123    121.86100     0.0000
481231   Cd123m   121.86100     0.0000
481240   Cd124    122.85300     0.0000
481250   Cd125    123.84800     0.0000
491060   In106    105.00400     0.0000
491061   In106m   105.00400     0.0000
491070   In107    105.99200     0.0000
491071   In107m   105.99200     0.0000
491080   In108    106.98300     0.0000
491081   In108m   106.98300     0.0000
491090   In109    107.97200     0.0000
491091   In109m   107.97200     0.0000
491092   In109n   107.97200     0.0000
491100   In110    108.96300     0.0000
491101   In110m   108.96300     0.0000
491110   In111    109.95200     0.0000
491111   In111m   109.95200     0.0000
491120   In112    110.94400     0.0000
491121   In112m   110.94400     0.0000
491130   In113    111.93400     4.2900
491131   In113m   111.93400     0.0000
491140   In114    112.92600     0.0000
491141   In114m   112.92600     0.0000
491150   In115    113.91700    95.7100
491151   In115m   113.91700     0.0000
491160   In116    114.91000     0.0000
491161   In116m   114.91000     0.0000
491162   In116n   114.91000     0.0000
491170   In117    115.90000     0.0000
491171   In117m   115.90000     0.0000
491180   In118    116.89300     0.0000
491181   In118m   116.89300     0.0000
491182   In118n   116.89300     0.0000
491190   In119    117.88400     0.0000
491191   In119m   117.88400     0.0000
491200   In120    118.87800     0.0000
491201   In120m   118.87800     0.0000
491202   In120n   118.87800     0.0000
491210   In121    119.86900     0.0000
491211   In121m   119.86900     0.0000
491220   In122    120.86300     0.0000
491221   In122m   120.86300     0.0000
491222   In122n   120.86300     0.0000
491230   In123    121.85500     0.0000
491231   In123m   121.85500     0.0000
491240   In124    122.84900     0.0000
491241   In124m   122.84900     0.0000
491250   In125    123.84100     0.0000
491251   In125m   123.84100     0.0000
491260   In126    124.83500     0.0000
491261   In126m   124.83500     0.0000
491270   In127    125.82700     0.0000
491271   In127m   125.82700     0.0000
491280   In128    126.82100     0.0000
491281   In128m   126.82100     0.0000
491282   In128n   126.82100     0.0000
501070   Sn107    105.99700     0.0000
501080   Sn108    106.98500     0.0000
501090   Sn109    107.97600     0.0000
501100   Sn110    108.96400     0.0000
501110   Sn111    109.95500     0.0000
501120   Sn112    110.94400     0.9700
501130   Sn113    111.93500     0.0000
501131   Sn113m   111.93500     0.0000
501140   Sn114    112.92400     0.6600
501150   Sn115    113.91600     0.3400
501160   Sn116    114.90600    14.5400
501170   Sn117    115.89900     7.6800
501171   Sn117m   115.89900     0.0000
501180   Sn118    116.88900    24.2200
501190   Sn119    117.88200     8.5900
501191   Sn119m   117.88200     0.0000
501200   Sn120    118.87200    32.5800
501210   Sn121    119.86600     0.0000
501211   Sn121m   119.86600     0.0000
501220   Sn122    120.85600     4.6300
501230   Sn123    121.85000     0.0000
501231   Sn123m   121.85000     0.0000
501240   Sn124    122.84100     5.7900
501250   Sn125    123.83500     0.0000
501251   Sn125m   123.83500     0.0000
501260   Sn126    124.82600     0.0000
501270   Sn127    125.82000     0.0000
501271   Sn127m   125.82000     0.0000
501280   Sn128    126.81200     0.0000
501281   Sn128m   126.81200     0.0000
501290   Sn129    127.80600     0.0000
501291   Sn129m   127.80600     0.0000
501300   Sn130    128.79800     0.0000
501301   Sn130m   128.79800     0.0000
501310   Sn131    129.79201     0.0000
501311   Sn131m   129.79201     0.0000
511120   Sb112    110.95100     0.0000
511130   Sb113    111.93900     0.0000
511140   Sb114    112.93100     0.0000
511150   Sb115    113.91900     0.0000
511160   Sb116    114.91100     0.0000
511161   Sb116m   114.91100     0.0000
511170   Sb117    115.90100     0.0000
511180   Sb118    116.89300     0.0000
511181   Sb118m   116.89300     0.0000
511190   Sb119    117.88300     0.0000
511191   Sb119m   117.88300     0.0000
511200   Sb120    118.87500     0.0000
511201   Sb120m   118.87500     0.0000
511210   Sb121    119.86500    57.2100
511220   Sb122    120.85800     0.0000
511221   Sb122m   120.85800     0.0000
511230   Sb123    121.84800    42.7900
511240   Sb124    122.84200     0.0000
511241   Sb124m   122.84200     0.0000
511242   Sb124n   122.84200     0.0000
511250   Sb125    123.83200     0.0000
511260   Sb126    124.82600     0.0000
511261   Sb126m   124.82600     0.0000
511262   Sb126n   124.82600     0.0000
511270   Sb127    125.81700     0.0000
511280   Sb128    126.81000     0.0000
511281   Sb128m   126.81000     0.0000
511290   Sb129    127.80200     0.0000
511291   Sb129m   127.80200     0.0000
511300   Sb130    128.79601     0.0000
511301   Sb130m   128.79601     0.0000
511310   Sb131    129.78700     0.0000
511320   Sb132    130.78101     0.0000
511321   Sb132m   130.78101     0.0000
511330   Sb133    131.77299     0.0000
521130   Te113    111.94600     0.0000
521140   Te114    112.93400     0.0000
521150   Te115    113.92500     0.0000
521151   Te115m   113.92500     0.0000
521160   Te116    114.91300     0.0000
521170   Te117    115.90400     0.0000
521171   Te117m   115.90400     0.0000
521180   Te118    116.89300     0.0000
521190   Te119    117.88500     0.0000
521191   Te119m   117.88500     0.0000
521200   Te120    118.87400     0.0900
521210   Te121    119.86600     0.0000
521211   Te121m   119.86600     0.0000
521220   Te122    120.85600     2.5500
521230   Te123    121.84800     0.8900
521231   Te123m   121.84800     0.0000
521240   Te124    122.83800     4.7400
521250   Te125    123.83100     7.0700
521251   Te125m   123.83100     0.0000
521260   Te126    124.82200    18.8400
521270   Te127    125.81500     0.0000
521271   Te127m   125.81500     0.0000
521280   Te128    126.80600    31.7400
521290   Te129    127.79900     0.0000
521291   Te129m   127.79900     0.0000
521300   Te130    128.78999    34.0800
521310   Te131    129.78400     0.0000
521311   Te131m   129.78400     0.0000
521320   Te132    130.77499     0.0000
521330   Te133    131.76900     0.0000
521331   Te133m   131.76900     0.0000
521340   Te134    132.76100     0.0000
521350   Te135    133.75700     0.0000
531160   I116     114.92100     0.0000
531170   I117     115.90900     0.0000
531180   I118     116.90000     0.0000
531181   I118m    116.90000     0.0000
531190   I119     117.88900     0.0000
531200   I120     118.88000     0.0000
531201   I120m    118.88000     0.0000
531210   I121     119.86900     0.0000
531220   I122     120.86000     0.0000
531230   I123     121.85000     0.0000
531240   I124     122.84200     0.0000
531250   I125     123.83200     0.0000
531260   I126     124.82400     0.0000
531270   I127     125.81400   100.0000
531280   I128     126.80700     0.0000
531290   I129     127.79800     0.0000
531300   I130     128.79100     0.0000
531301   I130m    128.79100     0.0000
531310   I131     129.78200     0.0000
531320   I132     130.77499     0.0000
531321   I132m    130.77499     0.0000
531330   I133     131.76601     0.0000
531331   I133m    131.76601     0.0000
531340   I134     132.75900     0.0000
531341   I134m    132.75999     0.0000
531350   I135     133.75101     0.0000
531360   I136     134.74699     0.0000
531361   I136m    134.74699     0.0000
531370   I137     135.74200     0.0000
541170   Xe117    115.91600     0.0000
541180   Xe118    116.90300     0.0000
541190   Xe119    117.89400     0.0000
541200   Xe120    118.88200     0.0000
541210   Xe121    119.87300     0.0000
541220   Xe122    120.86100     0.0000
541230   Xe123    121.85300     0.0000
541240   Xe124    122.84100     0.0900
541250   Xe125    123.83300     0.0000
541251   Xe125m   123.83300     0.0000
541260   Xe126    124.82300     0.0900
541270   Xe127    125.81500     0.0000
541271   Xe127m   125.81500     0.0000
541280   Xe128    126.80500     1.9200
541290   Xe129    127.79700    26.4400
541291   Xe129m   127.79700     0.0000
541300   Xe130    128.78799     4.0800
541310   Xe131    129.78101    21.1800
541311   Xe131m   129.78101     0.0000
541320   Xe132    130.77100    26.8900
541330   Xe133    131.76401     0.0000
541331   Xe133m   131.76401     0.0000
541340   Xe134    132.75500    10.4400
541341   Xe134m   132.75500     0.0000
541350   Xe135    133.74800     0.0000
541351   Xe135m   133.74800     0.0000
541360   Xe136    134.74001     8.8700
541370   Xe137    135.73500     0.0000
541380   Xe138    136.72900     0.0000
541390   Xe139    137.72501     0.0000
551220   Cs122    120.86900     0.0000
551221   Cs122m   120.86900     0.0000
551222   Cs122n   120.86900     0.0000
551230   Cs123    121.85700     0.0000
551231   Cs123m   121.85700     0.0000
551240   Cs124    122.84800     0.0000
551241   Cs124m   122.84800     0.0000
551250   Cs125    123.83700     0.0000
551251   Cs125m   123.83700     0.0000
551260   Cs126    124.82800     0.0000
551270   Cs127    125.81700     0.0000
551280   Cs128    126.80900     0.0000
551290   Cs129    127.79900     0.0000
551300   Cs130    128.79100     0.0000
551301   Cs130m   128.79100     0.0000
551310   Cs131    129.78101     0.0000
551320   Cs132    130.77299     0.0000
551330   Cs133    131.76401   100.0000
551340   Cs134    132.75600     0.0000
551341   Cs134m   132.75600     0.0000
551350   Cs135    133.74699     0.0000
551351   Cs135m   133.74699     0.0000
551360   Cs136    134.74001     0.0000
551361   Cs136m   134.74001     0.0000
551370   Cs137    135.73100     0.0000
551380   Cs138    136.72600     0.0000
551381   Cs138m   136.72600     0.0000
551390   Cs139    137.72000     0.0000
551400   Cs140    138.71500     0.0000
551410   Cs141    139.70900     0.0000
561230   Ba123    121.86300     0.0000
561240   Ba124    122.85100     0.0000
561250   Ba125    123.84100     0.0000
561260   Ba126    124.83000     0.0000
561270   Ba127    125.82100     0.0000
561271   Ba127m   125.82100     0.0000
561280   Ba128    126.81000     0.0000
561290   Ba129    127.80100     0.0000
561291   Ba129m   127.80100     0.0000
561300   Ba130    128.78999     0.1060
561310   Ba131    129.78200     0.0000
561311   Ba131m   129.78200     0.0000
561320   Ba132    130.77200     0.1010
561330   Ba133    131.76401     0.0000
561331   Ba133m   131.76401     0.0000
561340   Ba134    132.75400     2.4170
561350   Ba135    133.74699     6.5920
561351   Ba135m   133.74699     0.0000
561360   Ba136    134.73700     7.8540
561361   Ba136m   134.73700     0.0000
561370   Ba137    135.73000    11.2320
561371   Ba137m   135.73000     0.0000
561380   Ba138    136.72099    71.6980
561390   Ba139    137.71600     0.0000
561400   Ba140    138.70900     0.0000
561410   Ba141    139.70399     0.0000
561420   Ba142    140.69701     0.0000
561430   Ba143    141.69299     0.0000
571280   La128    126.81700     0.0000
571281   La128m   126.81700     0.0000
571290   La129    127.80500     0.0000
571291   La129m   127.80500     0.0000
571300   La130    128.79601     0.0000
571310   La131    129.78500     0.0000
571320   La132    130.77699     0.0000
571321   La132m   130.77699     0.0000
571330   La133    131.76601     0.0000
571340   La134    132.75800     0.0000
571350   La135    133.74800     0.0000
571360   La136    134.74001     0.0000
571361   La136m   134.74001     0.0000
571370   La137    135.73000     0.0000
571380   La138    136.72200     0.0900
571390   La139    137.71300    99.9100
571400   La140    138.70799     0.0000
571410   La141    139.70000     0.0000
571420   La142    140.69501     0.0000
571430   La143    141.68800     0.0000
571440   La144    142.68300     0.0000
571450   La145    143.67700     0.0000
571460   La146    144.67200     0.0000
571461   La146m   144.67200     0.0000
571470   La147    145.66600     0.0000
581290   Ce129    127.81100     0.0000
581300   Ce130    128.79900     0.0000
581310   Ce131    129.78999     0.0000
581311   Ce131m   129.78999     0.0000
581320   Ce132    130.77800     0.0000
581330   Ce133    131.77000     0.0000
581331   Ce133m   131.77000     0.0000
581340   Ce134    132.75900     0.0000
581350   Ce135    133.75000     0.0000
581351   Ce135m   133.75000     0.0000
581360   Ce136    134.74001     0.1850
581370   Ce137    135.73199     0.0000
581371   Ce137m   135.73199     0.0000
581380   Ce138    136.72099     0.2510
581390   Ce139    137.71300     0.0000
581391   Ce139m   137.71300     0.0000
581400   Ce140    138.70399    88.4500
581410   Ce141    139.69800     0.0000
581420   Ce142    140.69000    11.1140
581430   Ce143    141.68500     0.0000
581440   Ce144    142.67700     0.0000
581450   Ce145    143.67200     0.0000
581460   Ce146    144.66499     0.0000
581470   Ce147    145.66000     0.0000
581480   Ce148    146.65401     0.0000
581490   Ce149    147.64900     0.0000
591340   Pr134    132.76500     0.0000
591341   Pr134m   132.76500     0.0000
591350   Pr135    133.75400     0.0000
591360   Pr136    134.74500     0.0000
591370   Pr137    135.73500     0.0000
591380   Pr138    136.72600     0.0000
591381   Pr138m   136.72600     0.0000
591390   Pr139    137.71600     0.0000
591400   Pr140    138.70700     0.0000
591410   Pr141    139.69701   100.0000
591420   Pr142    140.69099     0.0000
591421   Pr142m   140.69099     0.0000
591430   Pr143    141.68300     0.0000
591440   Pr144    142.67700     0.0000
591441   Pr144m   142.67700     0.0000
591450   Pr145    143.67000     0.0000
591460   Pr146    144.66400     0.0000
591470   Pr147    145.65700     0.0000
591480   Pr148    146.65100     0.0000
591481   Pr148m   146.65100     0.0000
591490   Pr149    147.64400     0.0000
591500   Pr150    148.63901     0.0000
591510   Pr151    149.63200     0.0000
601350   Nd135    133.75900     0.0000
601351   Nd135m   133.75900     0.0000
601360   Nd136    134.74699     0.0000
601370   Nd137    135.73801     0.0000
601371   Nd137m   135.73801     0.0000
601380   Nd138    136.72701     0.0000
601390   Nd139    137.71899     0.0000
601391   Nd139m   137.71899     0.0000
601400   Nd140    138.70700     0.0000
601410   Nd141    139.69901     0.0000
601411   Nd141m   139.69901     0.0000
601420   Nd142    140.68900    27.2000
601430   Nd143    141.68201    12.2000
601440   Nd144    142.67400    23.8000
601450   Nd145    143.66800     8.3000
601460   Nd146    144.66000    17.2000
601470   Nd147    145.65401     0.0000
601480   Nd148    146.64600     5.7000
601490   Nd149    147.64101     0.0000
601500   Nd150    148.63300     5.6000
601510   Nd151    149.62700     0.0000
601520   Nd152    150.62000     0.0000
601530   Nd153    151.61400     0.0000
601540   Nd154    152.60699     0.0000
611350   Pm135    133.76601     0.0000
611351   Pm135m   133.76601     0.0000
611360   Pm136    134.75600     0.0000
611361   Pm136m   134.75600     0.0000
611370   Pm137    135.74400     0.0000
611371   Pm137m   135.74400     0.0000
611380   Pm138    136.73500     0.0000
611381   Pm138m   136.73500     0.0000
611390   Pm139    137.72301     0.0000
611391   Pm139m   137.72301     0.0000
611400   Pm140    138.71400     0.0000
611401   Pm140m   138.71400     0.0000
611410   Pm141    139.70300     0.0000
611420   Pm142    140.69400     0.0000
611430   Pm143    141.68300     0.0000
611440   Pm144    142.67599     0.0000
611450   Pm145    143.66800     0.0000
611460   Pm146    144.66100     0.0000
611470   Pm147    145.65300     0.0000
611480   Pm148    146.64700     0.0000
611481   Pm148m   146.64700     0.0000
611490   Pm149    147.63901     0.0000
611500   Pm150    148.63300     0.0000
611510   Pm151    149.62500     0.0000
611520   Pm152    150.61800     0.0000
611521   Pm152m   150.61800     0.0000
611522   Pm152n   150.61800     0.0000
611530   Pm153    151.61000     0.0000
611540   Pm154    152.60400     0.0000
611541   Pm154m   152.60400     0.0000
611550   Pm155    153.59700     0.0000
611560   Pm156    154.59200     0.0000
611570   Pm157    155.58501     0.0000
621360   Sm136    134.76100     0.0000
621370   Sm137    135.75101     0.0000
621371   Sm137m   135.75101     0.0000
621380   Sm138    136.73801     0.0000
621390   Sm139    137.72900     0.0000
621391   Sm139m   137.72900     0.0000
621400   Sm140    138.71700     0.0000
621410   Sm141    139.70799     0.0000
621411   Sm141m   139.70799     0.0000
621420   Sm142    140.69600     0.0000
621430   Sm143    141.68700     0.0000
621431   Sm143m   141.68700     0.0000
621440   Sm144    142.67599     3.0700
621450   Sm145    143.66901     0.0000
621460   Sm146    144.66000     0.0000
621470   Sm147    145.65300    14.9900
621480   Sm148    146.64400    11.2400
621490   Sm149    147.63800    13.8200
621500   Sm150    148.62900     7.3800
621510   Sm151    149.62300     0.0000
621520   Sm152    150.61501    26.7500
621530   Sm153    151.60800     0.0000
621540   Sm154    152.60001    22.7500
621550   Sm155    153.59399     0.0000
621560   Sm156    154.58600     0.0000
621570   Sm157    155.58000     0.0000
621580   Sm158    156.57300     0.0000
621590   Sm159    157.56799     0.0000
631380   Eu138    136.74899     0.0000
631390   Eu139    137.73599     0.0000
631400   Eu140    138.72600     0.0000
631410   Eu141    139.71400     0.0000
631411   Eu141m   139.71400     0.0000
631420   Eu142    140.70399     0.0000
631421   Eu142m   140.70399     0.0000
631430   Eu143    141.69299     0.0000
631440   Eu144    142.68201     0.0000
631450   Eu145    143.67101     0.0000
631460   Eu146    144.66400     0.0000
631470   Eu147    145.65500     0.0000
631480   Eu148    146.64700     0.0000
631490   Eu149    147.63901     0.0000
631500   Eu150    148.63200     0.0000
631501   Eu150m   148.63200     0.0000
631510   Eu151    149.62300    47.8100
631520   Eu152    150.61700     0.0000
631521   Eu152m   150.61700     0.0000
631522   Eu152n   150.61700     0.0000
631530   Eu153    151.60800    52.1900
631540   Eu154    152.60100     0.0000
631541   Eu154m   152.60100     0.0000
631550   Eu155    153.59200     0.0000
631560   Eu156    154.58501     0.0000
631570   Eu157    155.57700     0.0000
631580   Eu158    156.57100     0.0000
631590   Eu159    157.56400     0.0000
631600   Eu160    158.55800     0.0000
631610   Eu161    159.55099     0.0000
631620   Eu162    160.54601     0.0000
631630   Eu163    161.53900     0.0000
641390   Gd139    137.74500     0.0000
641391   Gd139m   137.74500     0.0000
641400   Gd140    138.73199     0.0000
641410   Gd141    139.72099     0.0000
641411   Gd141m   139.72099     0.0000
641420   Gd142    140.70900     0.0000
641430   Gd143    141.69901     0.0000
641431   Gd143m   141.69901     0.0000
641440   Gd144    142.68700     0.0000
641450   Gd145    143.67700     0.0000
641451   Gd145m   143.67700     0.0000
641460   Gd146    144.66499     0.0000
641470   Gd147    145.65700     0.0000
641480   Gd148    146.64700     0.0000
641490   Gd149    147.64000     0.0000
641500   Gd150    148.63100     0.0000
641510   Gd151    149.62399     0.0000
641520   Gd152    150.61501     0.2000
641530   Gd153    151.60800     0.0000
641540   Gd154    152.59900     2.1800
641550   Gd155    153.59200    14.8000
641560   Gd156    154.58299    20.4700
641570   Gd157    155.57600    15.6500
641580   Gd158    156.56700    24.8400
641590   Gd159    157.56100     0.0000
641600   Gd160    158.55299    21.8600
641610   Gd161    159.54700     0.0000
641620   Gd162    160.53999     0.0000
641630   Gd163    161.53400     0.0000
641640   Gd164    162.52800     0.0000
641650   Gd165    163.52200     0.0000
651440   Tb144    142.69701     0.0000
651441   Tb144m   142.69701     0.0000
651450   Tb145    143.68401     0.0000
651451   Tb145m   143.68401     0.0000
651460   Tb146    144.67400     0.0000
651461   Tb146m   144.67400     0.0000
651470   Tb147    145.66200     0.0000
651471   Tb147m   145.66200     0.0000
651480   Tb148    146.65401     0.0000
651481   Tb148m   146.65401     0.0000
651490   Tb149    147.64400     0.0000
651491   Tb149m   147.64400     0.0000
651500   Tb150    148.63600     0.0000
651501   Tb150m   148.63600     0.0000
651510   Tb151    149.62700     0.0000
651511   Tb151m   149.62700     0.0000
651520   Tb152    150.61900     0.0000
651521   Tb152m   150.61900     0.0000
651530   Tb153    151.61000     0.0000
651540   Tb154    152.60201     0.0000
651541   Tb154m   152.60201     0.0000
651542   Tb154n   152.60201     0.0000
651550   Tb155    153.59300     0.0000
651560   Tb156    154.58501     0.0000
651561   Tb156m   154.58501     0.0000
651562   Tb156n   154.58501     0.0000
651570   Tb157    155.57600     0.0000
651580   Tb158    156.56900     0.0000
651581   Tb158m   156.56900     0.0000
651590   Tb159    157.56000   100.0000
651600   Tb160    158.55299     0.0000
651610   Tb161    159.54500     0.0000
651620   Tb162    160.53799     0.0000
651630   Tb163    161.53101     0.0000
651640   Tb164    162.52499     0.0000
651650   Tb165    163.51801     0.0000
651660   Tb166    164.51300     0.0000
651670   Tb167    165.50600     0.0000
651680   Tb168    166.50101     0.0000
661470   Dy147    145.66901     0.0000
661471   Dy147m   145.66901     0.0000
661480   Dy148    146.65601     0.0000
661490   Dy149    147.64799     0.0000
661500   Dy150    148.63800     0.0000
661510   Dy151    149.63000     0.0000
661520   Dy152    150.62000     0.0000
661530   Dy153    151.61200     0.0000
661540   Dy154    152.60201     0.0000
661550   Dy155    153.59500     0.0000
661560   Dy156    154.58501     0.0600
661570   Dy157    155.57700     0.0000
661580   Dy158    156.56799     0.1000
661590   Dy159    157.56100     0.0000
661600   Dy160    158.55099     2.3400
661610   Dy161    159.54401    18.9100
661620   Dy162    160.53600    25.5100
661630   Dy163    161.52901    24.9000
661640   Dy164    162.52100    28.1800
661650   Dy165    163.51500     0.0000
661651   Dy165m   163.51500     0.0000
661660   Dy166    164.50700     0.0000
661670   Dy167    165.50200     0.0000
661680   Dy168    166.49400     0.0000
661690   Dy169    167.48900     0.0000
661700   Dy170    168.48300     0.0000
661710   Dy171    169.47800     0.0000
671520   Ho152    150.62700     0.0000
671521   Ho152m   150.62700     0.0000
671530   Ho153    151.61600     0.0000
671531   Ho153m   151.61600     0.0000
671540   Ho154    152.60800     0.0000
671541   Ho154m   152.60800     0.0000
671550   Ho155    153.59801     0.0000
671560   Ho156    154.59000     0.0000
671561   Ho156m   154.59000     0.0000
671562   Ho156n   154.59000     0.0000
671570   Ho157    155.58000     0.0000
671580   Ho158    156.57201     0.0000
671581   Ho158m   156.57201     0.0000
671582   Ho158n   156.57201     0.0000
671590   Ho159    157.56200     0.0000
671591   Ho159m   157.56200     0.0000
671600   Ho160    158.55499     0.0000
671601   Ho160m   158.55499     0.0000
671602   Ho160n   158.55499     0.0000
671610   Ho161    159.54500     0.0000
671611   Ho161m   159.54500     0.0000
671620   Ho162    160.53799     0.0000
671621   Ho162m   160.53799     0.0000
671630   Ho163    161.52901     0.0000
671631   Ho163m   161.52901     0.0000
671640   Ho164    162.52200     0.0000
671641   Ho164m   162.52200     0.0000
671650   Ho165    163.51300   100.0000
671660   Ho166    164.50700     0.0000
671661   Ho166m   164.50700     0.0000
671670   Ho167    165.49899     0.0000
671680   Ho168    166.49300     0.0000
671681   Ho168m   166.49300     0.0000
671690   Ho169    167.48599     0.0000
671700   Ho170    168.48000     0.0000
671701   Ho170m   168.48000     0.0000
671710   Ho171    169.47301     0.0000
671720   Ho172    170.46800     0.0000
671730   Ho173    171.46201     0.0000
681530   Er153    151.62100     0.0000
681540   Er154    152.61000     0.0000
681550   Er155    153.60201     0.0000
681560   Er156    154.59200     0.0000
681570   Er157    155.58400     0.0000
681580   Er158    156.57300     0.0000
681590   Er159    157.56500     0.0000
681600   Er160    158.55499     0.0000
681610   Er161    159.54800     0.0000
681620   Er162    160.53799     0.1400
681630   Er163    161.53000     0.0000
681640   Er164    162.52100     1.6100
681650   Er165    163.51401     0.0000
681660   Er166    164.50500    33.6100
681670   Er167    165.49800    22.9300
681671   Er167m   165.49800     0.0000
681680   Er168    166.49001    26.7800
681690   Er169    167.48300     0.0000
681700   Er170    168.47600    14.9300
681710   Er171    169.47000     0.0000
681720   Er172    170.46201     0.0000
681730   Er173    171.45700     0.0000
681740   Er174    172.45000     0.0000
681750   Er175    173.44501     0.0000
691580   Tm158    156.58000     0.0000
691590   Tm159    157.57001     0.0000
691600   Tm160    158.56100     0.0000
691601   Tm160m   158.56100     0.0000
691610   Tm161    159.55099     0.0000
691611   Tm161m   159.55099     0.0000
691620   Tm162    160.54300     0.0000
691621   Tm162m   160.54300     0.0000
691630   Tm163    161.53300     0.0000
691640   Tm164    162.52499     0.0000
691641   Tm164m   162.52499     0.0000
691650   Tm165    163.51601     0.0000
691660   Tm166    164.50800     0.0000
691670   Tm167    165.49899     0.0000
691680   Tm168    166.49200     0.0000
691690   Tm169    167.48300   100.0000
691700   Tm170    168.47600     0.0000
691710   Tm171    169.46800     0.0000
691720   Tm172    170.46100     0.0000
691730   Tm173    171.45399     0.0000
691740   Tm174    172.44800     0.0000
691750   Tm175    173.44099     0.0000
691760   Tm176    174.43600     0.0000
691770   Tm177    175.42900     0.0000
691780   Tm178    176.42400     0.0000
691790   Tm179    177.41800     0.0000
701590   Yb159    157.57500     0.0000
701600   Yb160    158.56400     0.0000
701610   Yb161    159.55499     0.0000
701620   Yb162    160.54500     0.0000
701630   Yb163    161.53700     0.0000
701640   Yb164    162.52600     0.0000
701650   Yb165    163.51801     0.0000
701660   Yb166    164.50800     0.0000
701670   Yb167    165.50101     0.0000
701680   Yb168    166.49100     0.1300
701690   Yb169    167.48399     0.0000
701691   Yb169m   167.48399     0.0000
701700   Yb170    168.47501     3.0400
701710   Yb171    169.46800    14.2800
701720   Yb172    170.45900    21.8300
701730   Yb173    171.45300    16.1300
701740   Yb174    172.44501    31.8300
701750   Yb175    173.43800     0.0000
701760   Yb176    174.43100    12.7600
701761   Yb176m   174.43100     0.0000
701770   Yb177    175.42500     0.0000
701771   Yb177m   175.42500     0.0000
701780   Yb178    176.41800     0.0000
701790   Yb179    177.41299     0.0000
701800   Yb180    178.40601     0.0000
701810   Yb181    179.40199     0.0000
711620   Lu162    160.55200     0.0000
711621   Lu162m   160.55200     0.0000
711622   Lu162n   160.55200     0.0000
711630   Lu163    161.54100     0.0000
711640   Lu164    162.53300     0.0000
711650   Lu165    163.52200     0.0000
711660   Lu166    164.51401     0.0000
711661   Lu166m   164.51401     0.0000
711662   Lu166n   164.51401     0.0000
711670   Lu167    165.50400     0.0000
711671   Lu167m   165.50400     0.0000
711680   Lu168    166.49600     0.0000
711681   Lu168m   166.49600     0.0000
711690   Lu169    167.48599     0.0000
711691   Lu169m   167.48599     0.0000
711700   Lu170    168.47900     0.0000
711701   Lu170m   168.47900     0.0000
711710   Lu171    169.46899     0.0000
711711   Lu171m   169.46899     0.0000
711720   Lu172    170.46201     0.0000
711721   Lu172m   170.46201     0.0000
711730   Lu173    171.45300     0.0000
711740   Lu174    172.44600     0.0000
711741   Lu174m   172.44600     0.0000
711750   Lu175    173.43800    97.4100
711760   Lu176    174.43100     2.5900
711761   Lu176m   174.43100     0.0000
711770   Lu177    175.42400     0.0000
711771   Lu177m   175.42400     0.0000
711772   Lu177n   175.42400     0.0000
711780   Lu178    176.41701     0.0000
711781   Lu178m   176.41701     0.0000
711790   Lu179    177.41000     0.0000
711800   Lu180    178.40401     0.0000
711801   Lu180m   178.40401     0.0000
711810   Lu181    179.39799     0.0000
711820   Lu182    180.39200     0.0000
711830   Lu183    181.38600     0.0000
711840   Lu184    182.38100     0.0000
721630   Hf163    161.54700     0.0000
721640   Hf164    162.53600     0.0000
721650   Hf165    163.52800     0.0000
721660   Hf166    164.51700     0.0000
721670   Hf167    165.50800     0.0000
721680   Hf168    166.49800     0.0000
721690   Hf169    167.49001     0.0000
721700   Hf170    168.48000     0.0000
721710   Hf171    169.47200     0.0000
721711   Hf171m   169.47200     0.0000
721720   Hf172    170.46201     0.0000
721730   Hf173    171.45500     0.0000
721740   Hf174    172.44600     0.1600
721750   Hf175    173.43900     0.0000
721760   Hf176    174.42999     5.2600
721770   Hf177    175.42300    18.6000
721771   Hf177m   175.42300     0.0000
721772   Hf177n   175.42300     0.0000
721780   Hf178    176.41499    27.2800
721781   Hf178m   176.41499     0.0000
721782   Hf178n   176.41499     0.0000
721790   Hf179    177.40900    13.6200
721791   Hf179m   177.40900     0.0000
721792   Hf179n   177.40900     0.0000
721800   Hf180    178.40100    35.0800
721801   Hf180m   178.40100     0.0000
721810   Hf181    179.39500     0.0000
721820   Hf182    180.38699     0.0000
721821   Hf182m   180.38800     0.0000
721830   Hf183    181.38200     0.0000
721840   Hf184    182.37500     0.0000
721841   Hf184m   182.37500     0.0000
721850   Hf185    183.37000     0.0000
721860   Hf186    184.36301     0.0000
721870   Hf187    185.35800     0.0000
731700   Ta170    168.48599     0.0000
731710   Ta171    169.47600     0.0000
731720   Ta172    170.46800     0.0000
731730   Ta173    171.45799     0.0000
731740   Ta174    172.45000     0.0000
731750   Ta175    173.44099     0.0000
731760   Ta176    174.43300     0.0000
731770   Ta177    175.42400     0.0000
731780   Ta178    176.41701     0.0000
731781   Ta178m   176.41701     0.0000
731790   Ta179    177.40900     0.0000
731800   Ta180    178.40199     0.0000
731801   Ta180m   178.40199     0.0120
731810   Ta181    179.39400    99.9880
731820   Ta182    180.38699     0.0000
731821   Ta182m   180.38699     0.0000
731822   Ta182n   180.38699     0.0000
731830   Ta183    181.38000     0.0000
731840   Ta184    182.37399     0.0000
731850   Ta185    183.36700     0.0000
731860   Ta186    184.36099     0.0000
731870   Ta187    185.35400     0.0000
731880   Ta188    186.34900     0.0000
731890   Ta189    187.34300     0.0000
731900   Ta190    188.33701     0.0000
741710   W171     169.48100     0.0000
741720   W172     170.47000     0.0000
741730   W173     171.46201     0.0000
741740   W174     172.45200     0.0000
741750   W175     173.44400     0.0000
741760   W176     174.43401     0.0000
741770   W177     175.42700     0.0000
741780   W178     176.41701     0.0000
741790   W179     177.41000     0.0000
741791   W179m    177.41000     0.0000
741800   W180     178.40100     0.1200
741810   W181     179.39400     0.0000
741820   W182     180.38499    26.5000
741830   W183     181.37900    14.3100
741831   W183m    181.37900     0.0000
741840   W184     182.37100    30.6400
741850   W185     183.36501     0.0000
741851   W185m    183.36501     0.0000
741860   W186     184.35699    28.4300
741870   W187     185.35100     0.0000
741880   W188     186.34399     0.0000
741890   W189     187.33900     0.0000
741900   W190     188.33099     0.0000
741910   W191     189.32600     0.0000
741920   W192     190.31900     0.0000
741930   W193     191.31371     0.0000
741940   W194     192.30730     0.0000
751740   Re174    172.45900     0.0000
751750   Re175    173.44800     0.0000
751760   Re176    174.44000     0.0000
751770   Re177    175.42999     0.0000
751780   Re178    176.42200     0.0000
751790   Re179    177.41299     0.0000
751800   Re180    178.40500     0.0000
751810   Re181    179.39600     0.0000
751820   Re182    180.38800     0.0000
751821   Re182m   180.38800     0.0000
751830   Re183    181.37900     0.0000
751840   Re184    182.37199     0.0000
751841   Re184m   182.37199     0.0000
751850   Re185    183.36400    37.4000
751860   Re186    184.35800     0.0000
751861   Re186m   184.35800     0.0000
751870   Re187    185.35001    62.6000
751880   Re188    186.34300     0.0000
751881   Re188m   186.34300     0.0000
751890   Re189    187.33600     0.0000
751900   Re190    188.33000     0.0000
751901   Re190m   188.33000     0.0000
751910   Re191    189.32300     0.0000
751920   Re192    190.31700     0.0000
751930   Re193    191.31000     0.0000
751940   Re194    192.30400     0.0000
751950   Re195    193.29700     0.0000
751960   Re196    194.29250     0.0000
751970   Re197    195.28571     0.0000
751980   Re198    196.28040     0.0000
761750   Os175    173.45399     0.0000
761760   Os176    174.44299     0.0000
761770   Os177    175.43500     0.0000
761780   Os178    176.42500     0.0000
761790   Os179    177.41701     0.0000
761800   Os180    178.40601     0.0000
761810   Os181    179.39900     0.0000
761811   Os181m   179.39900     0.0000
761820   Os182    180.38901     0.0000
761830   Os183    181.38100     0.0000
761831   Os183m   181.38100     0.0000
761840   Os184    182.37199     0.0200
761850   Os185    183.36501     0.0000
761860   Os186    184.35600     1.5900
761870   Os187    185.35001     1.9600
761880   Os188    186.34100    13.2400
761890   Os189    187.33501    16.1500
761891   Os189m   187.33501     0.0000
761900   Os190    188.32700    26.2600
761901   Os190m   188.32700     0.0000
761910   Os191    189.32100     0.0000
761911   Os191m   189.32100     0.0000
761920   Os192    190.31200    40.7800
761921   Os192m   190.31200     0.0000
761930   Os193    191.30600     0.0000
761940   Os194    192.29900     0.0000
761950   Os195    193.29300     0.0000
761960   Os196    194.28600     0.0000
761970   Os197    195.30800     0.0000
761980   Os198    196.27271     0.0000
761990   Os199    197.26720     0.0000
762000   Os200    198.26140     0.0000
762010   Os201    199.25610     0.0000
771780   Ir178    176.43201     0.0000
771790   Ir179    177.42200     0.0000
771800   Ir180    178.41299     0.0000
771810   Ir181    179.40300     0.0000
771820   Ir182    180.39500     0.0000
771830   Ir183    181.38499     0.0000
771840   Ir184    182.37700     0.0000
771850   Ir185    183.36800     0.0000
771860   Ir186    184.36000     0.0000
771861   Ir186m   184.36000     0.0000
771870   Ir187    185.35100     0.0000
771880   Ir188    186.34399     0.0000
771890   Ir189    187.33501     0.0000
771900   Ir190    188.32899     0.0000
771901   Ir190m   188.32899     0.0000
771902   Ir190n   188.32899     0.0000
771910   Ir191    189.32001    37.3000
771911   Ir191m   189.32001     0.0000
771912   Ir191n   189.32001     0.0000
771920   Ir192    190.31400     0.0000
771921   Ir192m   190.31400     0.0000
771922   Ir192n   190.31400     0.0000
771930   Ir193    191.30499    62.7000
771931   Ir193m   191.30499     0.0000
771940   Ir194    192.29900     0.0000
771941   Ir194m   192.29900     0.0000
771942   Ir194n   192.29900     0.0000
771950   Ir195    193.29100     0.0000
771951   Ir195m   193.29100     0.0000
771960   Ir196    194.28500     0.0000
771961   Ir196m   194.28500     0.0000
771970   Ir197    195.27800     0.0000
771971   Ir197m   195.27800     0.0000
771980   Ir198    196.27200     0.0000
771990   Ir199    197.26500     0.0000
772000   Ir200    198.28200     0.0000
772010   Ir201    199.25160     0.0000
772020   Ir202    200.24600     0.0000
781810   Pt181    179.40900     0.0000
781820   Pt182    180.39799     0.0000
781830   Pt183    181.39000     0.0000
781831   Pt183m   181.39000     0.0000
781840   Pt184    182.38000     0.0000
781850   Pt185    183.37199     0.0000
781851   Pt185m   183.37199     0.0000
781860   Pt186    184.36200     0.0000
781870   Pt187    185.35400     0.0000
781880   Pt188    186.34500     0.0000
781890   Pt189    187.33800     0.0000
781900   Pt190    188.32800     0.0140
781910   Pt191    189.32100     0.0000
781920   Pt192    190.31200     0.7820
781930   Pt193    191.30499     0.0000
781931   Pt193m   191.30499     0.0000
781940   Pt194    192.29601    32.9670
781950   Pt195    193.28999    33.8320
781951   Pt195m   193.28999     0.0000
781960   Pt196    194.28200    25.2420
781970   Pt197    195.27499     0.0000
781971   Pt197m   195.27499     0.0000
781980   Pt198    196.26700     7.1630
781990   Pt199    197.26100     0.0000
781991   Pt199m   197.26100     0.0000
782000   Pt200    198.25400     0.0000
782010   Pt201    199.24800     0.0000
782020   Pt202    200.24100     0.0000
782030   Pt203    201.23450     0.0000
791850   Au185    183.37700     0.0000
791860   Au186    184.36800     0.0000
791870   Au187    185.35800     0.0000
791871   Au187m   185.35800     0.0000
791880   Au188    186.35100     0.0000
791890   Au189    187.34100     0.0000
791891   Au189m   187.34100     0.0000
791900   Au190    188.33299     0.0000
791910   Au191    189.32300     0.0000
791911   Au191m   189.32300     0.0000
791920   Au192    190.31599     0.0000
791921   Au192m   190.31599     0.0000
791922   Au192n   190.31599     0.0000
791930   Au193    191.30600     0.0000
791931   Au193m   191.30600     0.0000
791940   Au194    192.29900     0.0000
791941   Au194m   192.29900     0.0000
791942   Au194n   192.29900     0.0000
791950   Au195    193.28000     0.0000
791951   Au195m   193.28000     0.0000
791960   Au196    194.28300     0.0000
791961   Au196m   194.28300     0.0000
791962   Au196n   194.28300     0.0000
791970   Au197    195.27499   100.0000
791971   Au197m   195.27499     0.0000
791980   Au198    196.26801     0.0000
791981   Au198m   196.26801     0.0000
791990   Au199    197.25999     0.0000
792000   Au200    198.25301     0.0000
792001   Au200m   198.25301     0.0000
792010   Au201    199.24500     0.0000
792020   Au202    200.23900     0.0000
792030   Au203    201.23100     0.0000
792040   Au204    202.22501     0.0000
792050   Au205    203.21899     0.0000
792060   Au206    204.21480     0.0000
801860   Hg186    184.37199     0.0000
801870   Hg187    185.36400     0.0000
801871   Hg187m   185.36400     0.0000
801880   Hg188    186.35300     0.0000
801890   Hg189    187.34500     0.0000
801891   Hg189m   187.34500     0.0000
801900   Hg190    188.33400     0.0000
801910   Hg191    189.32700     0.0000
801911   Hg191m   189.32700     0.0000
801920   Hg192    190.31700     0.0000
801930   Hg193    191.30901     0.0000
801931   Hg193m   191.30901     0.0000
801940   Hg194    192.29900     0.0000
801950   Hg195    193.29201     0.0000
801951   Hg195m   193.29201     0.0000
801960   Hg196    194.28200     0.1500
801970   Hg197    195.27499     0.0000
801971   Hg197m   195.27499     0.0000
801980   Hg198    196.26601     9.9700
801990   Hg199    197.25900    16.8700
801991   Hg199m   197.25900     0.0000
802000   Hg200    198.25101    23.1000
802010   Hg201    199.24400    13.1800
802020   Hg202    200.23599    29.8600
802030   Hg203    201.22900     0.0000
802040   Hg204    202.22099     6.8700
802050   Hg205    203.21500     0.0000
802060   Hg206    204.20799     0.0000
802070   Hg207    205.20500     0.0000
802080   Hg208    206.19901     0.0000
802090   Hg209    207.19600     0.0000
811920   Tl192    190.32300     0.0000
811921   Tl192m   190.32300     0.0000
811930   Tl193    191.31300     0.0000
811931   Tl193m   191.31300     0.0000
811940   Tl194    192.30499     0.0000
811941   Tl194m   192.30499     0.0000
811950   Tl195    193.29500     0.0000
811951   Tl195m   193.29500     0.0000
811960   Tl196    194.28700     0.0000
811961   Tl196m   194.28700     0.0000
811970   Tl197    195.27699     0.0000
811971   Tl197m   195.27699     0.0000
811980   Tl198    196.27000     0.0000
811981   Tl198m   196.27000     0.0000
811990   Tl199    197.26100     0.0000
812000   Tl200    198.25301     0.0000
812010   Tl201    199.24400     0.0000
812020   Tl202    200.23700     0.0000
812030   Tl203    201.22900    29.5240
812040   Tl204    202.22200     0.0000
812050   Tl205    203.21400    70.4760
812060   Tl206    204.20700     0.0000
812061   Tl206m   204.20700     0.0000
812070   Tl207    205.19901     0.0000
812071   Tl207m   205.19901     0.0000
812080   Tl208    206.19501     0.0000
812090   Tl209    207.19000     0.0000
812100   Tl210    208.18600     0.0000
821930   Pb193    191.31799     0.0000
821931   Pb193m   191.31799     0.0000
821940   Pb194    192.30800     0.0000
821950   Pb195    193.30000     0.0000
821951   Pb195m   193.30000     0.0000
821960   Pb196    194.28900     0.0000
821970   Pb197    195.28101     0.0000
821971   Pb197m   195.28101     0.0000
821980   Pb198    196.27100     0.0000
821990   Pb199    197.26401     0.0000
821991   Pb199m   197.26401     0.0000
822000   Pb200    198.25400     0.0000
822010   Pb201    199.24600     0.0000
822011   Pb201m   199.24600     0.0000
822020   Pb202    200.23700     0.0000
822021   Pb202m   200.23700     0.0000
822030   Pb203    201.23000     0.0000
822031   Pb203m   201.23000     0.0000
822032   Pb203n   201.23000     0.0000
822040   Pb204    202.22099     1.4000
822041   Pb204m   202.22099     0.0000
822050   Pb205    203.21400     0.0000
822051   Pb205m   203.21400     0.0000
822060   Pb206    204.20500    24.1000
822070   Pb207    205.19800    22.1000
822071   Pb207m   205.19800     0.0000
822080   Pb208    206.19000    52.4000
822090   Pb209    207.18600     0.0000
822100   Pb210    208.17999     0.0000
822110   Pb211    209.17599     0.0000
822120   Pb212    210.17101     0.0000
822130   Pb213    211.16701     0.0000
822140   Pb214    212.16100     0.0000
822150   Pb215    213.15800     0.0000
831960   Bi196    194.29700     0.0000
831961   Bi196m   194.29700     0.0000
831962   Bi196n   194.29700     0.0000
831970   Bi197    195.28700     0.0000
831971   Bi197m   195.28700     0.0000
831980   Bi198    196.27800     0.0000
831981   Bi198m   196.27800     0.0000
831982   Bi198n   196.27800     0.0000
831990   Bi199    197.26801     0.0000
831991   Bi199m   197.26801     0.0000
832000   Bi200    198.25999     0.0000
832001   Bi200m   198.25999     0.0000
832002   Bi200n   198.25999     0.0000
832010   Bi201    199.25101     0.0000
832011   Bi201m   199.25101     0.0000
832020   Bi202    200.24300     0.0000
832030   Bi203    201.23300     0.0000
832031   Bi203m   201.23300     0.0000
832040   Bi204    202.22600     0.0000
832050   Bi205    203.21700     0.0000
832060   Bi206    204.20900     0.0000
832070   Bi207    205.20000     0.0000
832080   Bi208    206.19299     0.0000
832081   Bi208m   206.19299     0.0000
832090   Bi209    207.18500   100.0000
832100   Bi210    208.17999     0.0000
832101   Bi210m   208.17999     0.0000
832110   Bi211    209.17500     0.0000
832120   Bi212    210.17000     0.0000
832121   Bi212m   210.17000     0.0000
832122   Bi212n   210.17000     0.0000
832130   Bi213    211.16499     0.0000
832140   Bi214    212.16000     0.0000
832150   Bi215    213.15500     0.0000
832151   Bi215m   213.15500     0.0000
832160   Bi216    214.15100     0.0000
842020   Po202    200.24600     0.0000
842030   Po203    201.23801     0.0000
842031   Po203m   201.23801     0.0000
842040   Po204    202.22800     0.0000
842050   Po205    203.22000     0.0000
842060   Po206    204.21100     0.0000
842070   Po207    205.20399     0.0000
842071   Po207m   205.20399     0.0000
842080   Po208    206.19501     0.0000
842090   Po209    207.18700     0.0000
842100   Po210    208.17900     0.0000
842110   Po211    209.17400     0.0000
842111   Po211m   209.17400     0.0000
842120   Po212    210.16800     0.0000
842121   Po212m   210.16800     0.0000
842130   Po213    211.16299     0.0000
842140   Po214    212.15700     0.0000
842150   Po215    213.15199     0.0000
842160   Po216    214.14600     0.0000
842170   Po217    215.14200     0.0000
842180   Po218    216.13600     0.0000
842190   Po219    217.13200     0.0000
852050   At205    203.22501     0.0000
852060   At206    204.21700     0.0000
852070   At207    205.20799     0.0000
852080   At208    206.20000     0.0000
852090   At209    207.19099     0.0000
852100   At210    208.18300     0.0000
852110   At211    209.17500     0.0000
852120   At212    210.17000     0.0000
852121   At212m   210.17000     0.0000
852130   At213    211.16299     0.0000
852140   At214    212.15800     0.0000
852150   At215    213.15199     0.0000
852160   At216    214.14700     0.0000
852170   At217    215.14101     0.0000
852180   At218    216.13600     0.0000
852190   At219    217.13000     0.0000
852200   At220    218.12500     0.0000
852210   At221    219.11900     0.0000
852220   At222    220.11501     0.0000
862080   Rn208    206.20300     0.0000
862090   Rn209    207.19501     0.0000
862100   Rn210    208.18600     0.0000
862110   Rn211    209.17799     0.0000
862120   Rn212    210.17000     0.0000
862130   Rn213    211.16400     0.0000
862140   Rn214    212.15700     0.0000
862150   Rn215    213.15199     0.0000
862160   Rn216    214.14500     0.0000
862170   Rn217    215.14000     0.0000
862180   Rn218    216.13300     0.0000
862190   Rn219    217.12801     0.0000
862200   Rn220    218.12100     0.0000
862210   Rn221    219.11700     0.0000
862220   Rn222    220.11000     0.0000
862230   Rn223    221.10400     0.0000
862240   Rn224    222.10001     0.0000
862250   Rn225    223.09500     0.0000
872180   Fr218    216.13499     0.0000
872181   Fr218m   216.13499     0.0000
872190   Fr219    217.12801     0.0000
872200   Fr220    218.12199     0.0000
872210   Fr221    219.11600     0.0000
872220   Fr222    220.11000     0.0000
872230   Fr223    221.10400     0.0000
872240   Fr224    222.09900     0.0000
872250   Fr225    223.09200     0.0000
872260   Fr226    224.08800     0.0000
872270   Fr227    225.08099     0.0000
872280   Fr228    226.07700     0.0000
882200   Ra220    218.12100     0.0000
882210   Ra221    219.11501     0.0000
882220   Ra222    220.10800     0.0000
882230   Ra223    221.10300     0.0000
882240   Ra224    222.09599     0.0000
882250   Ra225    223.09100     0.0000
882260   Ra226    224.08400     0.0000
882270   Ra227    225.07899     0.0000
882280   Ra228    226.07201     0.0000
882290   Ra229    227.06700     0.0000
882300   Ra230    228.06100     0.0000
882310   Ra231    229.05600     0.0000
892220   Ac222    220.11099     0.0000
892221   Ac222m   220.11099     0.0000
892230   Ac223    221.10300     0.0000
892240   Ac224    222.09700     0.0000
892250   Ac225    223.09000     0.0000
892260   Ac226    224.08400     0.0000
892270   Ac227    225.07700     0.0000
892280   Ac228    226.07201     0.0000
892290   Ac229    227.06599     0.0000
892300   Ac230    228.06000     0.0000
892310   Ac231    229.05400     0.0000
892320   Ac232    230.04900     0.0000
892330   Ac233    231.04300     0.0000
892340   Ac234    232.03799     0.0000
902240   Th224    222.09700     0.0000
902250   Th225    223.09100     0.0000
902260   Th226    224.08299     0.0000
902270   Th227    225.07700     0.0000
902280   Th228    226.07001     0.0000
902290   Th229    227.06400     0.0000
902291   Th229m   227.06400     0.0000
902300   Th230    228.05701     0.0000
902310   Th231    229.05200     0.0000
902320   Th232    230.04500     0.0000
902330   Th233    231.03999     0.0000
902340   Th234    232.03300     0.0000
902350   Th235    233.02800     0.0000
912260   Pa226    224.08600     0.0000
912270   Pa227    225.07899     0.0000
912280   Pa228    226.07201     0.0000
912290   Pa229    227.06500     0.0000
912300   Pa230    228.05800     0.0000
912310   Pa231    229.05099     0.0000
912320   Pa232    230.04500     0.0000
912330   Pa233    231.03799     0.0000
912340   Pa234    232.03300     0.0000
912341   Pa234m   232.03300     0.0000
912350   Pa235    233.02600     0.0000
912360   Pa236    234.02100     0.0000
912370   Pa237    235.01500     0.0000
912380   Pa238    236.00999     0.0000
922280   U228     226.07201     0.0000
922290   U229     227.06599     0.0000
922300   U230     228.05800     0.0000
922310   U231     229.05200     0.0000
922320   U232     230.04401     0.0000
922330   U233     231.03799     0.0055
922340   U234     232.03000     0.0000
922350   U235     233.02499     0.0000
922351   U235m    233.02499     0.0000
922360   U236     234.01801     0.0000
922370   U237     235.01199    99.2745
922380   U238     236.00600     0.0000
922390   U239     237.00101     0.0000
922400   U240     237.99400     0.0000
922410   U241     238.99001     0.0000
922420   U242     239.98300     0.0000
922430   U243     240.97971     0.0000
922440   U244     241.97391     0.0000
922450   U245     242.96989     0.0000
932300   Np230    228.06200     0.0000
932310   Np231    229.05400     0.0000
932320   Np232    230.04700     0.0000
932330   Np233    231.03900     0.0000
932340   Np234    232.03200     0.0000
932350   Np235    233.02499     0.0000
932360   Np236    234.01900     0.0000
932361   Np236m   234.01900     0.0000
932370   Np237    235.01199     0.0000
932380   Np238    236.00600     0.0000
932390   Np239    236.99899     0.0000
932400   Np240    237.99400     0.0000
932401   Np240m   237.99400     0.0000
932410   Np241    238.98801     0.0000
932420   Np242    239.98199     0.0000
932421   Np242m   239.98199     0.0000
932430   Np243    240.97600     0.0000
932440   Np244    241.97099     0.0000
932450   Np245    242.96600     0.0000
932460   Np246    243.96170     0.0000
942320   Pu232    230.04800     0.0000
942330   Pu233    231.04100     0.0000
942340   Pu234    232.03300     0.0000
942350   Pu235    233.02600     0.0000
942360   Pu236    234.01801     0.0000
942370   Pu237    235.01199     0.0000
942371   Pu237m   235.01199     0.0000
942380   Pu238    236.00500     0.0000
942390   Pu239    236.99899     0.0000
942400   Pu240    237.99200     0.0000
942410   Pu241    238.98599     0.0000
942420   Pu242    239.97900     0.0000
942430   Pu243    240.97400     0.0000
942440   Pu244    241.96800     0.0000
942450   Pu245    242.96300     0.0000
942460   Pu246    243.95599     0.0000
942470   Pu247    244.95200     0.0000
952370   Am237    235.01401     0.0000
952380   Am238    236.00700     0.0000
952390   Am239    236.99899     0.0000
952400   Am240    237.99300     0.0000
952410   Am241    238.98599     0.0000
952420   Am242    239.98000     0.0000
952421   Am242m   239.98000     0.0000
952430   Am243    240.97301     0.0000
952440   Am244    241.96800     0.0000
952441   Am244m   241.96800     0.0000
952450   Am245    242.96100     0.0000
952460   Am246    243.95599     0.0000
952461   Am246m   243.95599     0.0000
952470   Am247    244.95000     0.0000
952480   Am248    245.94501     0.0000
952490   Am249    246.93900     0.0000
952500   Am250    247.93480     0.0000
962380   Cm238    236.00800     0.0000
962390   Cm239    237.00101     0.0000
962400   Cm240    237.99300     0.0000
962410   Cm241    238.98700     0.0000
962420   Cm242    239.97900     0.0000
962430   Cm243    240.97301     0.0000
962440   Cm244    241.96600     0.0000
962450   Cm245    242.96001     0.0000
962460   Cm246    243.95300     0.0000
962470   Cm247    244.94800     0.0000
962480   Cm248    245.94099     0.0000
962490   Cm249    246.93600     0.0000
962500   Cm250    247.92999     0.0000
962510   Cm251    248.92500     0.0000
972430   Bk243    240.97501     0.0000
972440   Bk244    241.96899     0.0000
972450   Bk245    242.96100     0.0000
972460   Bk246    243.95500     0.0000
972470   Bk247    244.94800     0.0000
972480   Bk248    245.94200     0.0000
972481   Bk248m   245.94200     0.0000
972490   Bk249    246.93500     0.0000
972500   Bk250    247.92999     0.0000
972510   Bk251    248.92400     0.0000
972520   Bk252    249.91901     0.0000
972530   Bk253    250.91299     0.0000
972540   Bk254    251.90800     0.0000
982440   Cf244    241.96899     0.0000
982450   Cf245    242.96300     0.0000
982460   Cf246    243.95500     0.0000
982470   Cf247    244.94901     0.0000
982480   Cf248    245.94099     0.0000
982490   Cf249    246.93500     0.0000
982500   Cf250    247.92799     0.0000
982510   Cf251    248.92300     0.0000
982520   Cf252    249.91600     0.0000
982530   Cf253    250.91100     0.0000
982540   Cf254    251.90500     0.0000
982550   Cf255    252.89999     0.0000
992490   Es249    246.93700     0.0000
992500   Es250    247.92999     0.0000
992501   Es250m   247.92999     0.0000
992510   Es251    248.92300     0.0000
992520   Es252    249.91701     0.0000
992530   Es253    250.91100     0.0000
992540   Es254    251.90500     0.0000
992541   Es254m   251.90500     0.0000
992550   Es255    252.89900     0.0000
992560   Es256    253.89400     0.0000
992561   Es256m   253.89400     0.0000
992570   Es257    254.88699     0.0000
